MPB	rs2143112_C	rs6667186_A	rs1561278_G	rs6755476_C	rs3856551_T	rs4674347_G	rs62189949_T	rs12471757_G	rs9287647_A	rs35541784_A	rs7632381_C	rs6808936_G	rs6893379_A	rs4959410_T	rs79919240_C	rs855250_C	rs12214535_T	rs4236234_A	rs76915356_T	rs1389985_A	rs4746391_C	rs10838269_T	rs4433612_T	rs2349573_G	rs10843341_C	rs7168328_G	rs16946219_C	rs11388285_GT	rs72809177_T	rs1401540_T	rs370245477_C	rs8068589_C	rs141184610_A	rs6082508_A	rs6082519_T	rs8121238_C	rs6075857_C	rs143104263_A	rs201569_T	rs201145_G	rs6113548_C	rs804553_C	rs2989441_C	rs145539255_G	rs6525152_C	rs4827530_T	rs56184336_A	rs2207041_A	rs186856944_C	rs146376239_C	rs73212857_C	rs186881801_G
-0.747546873631874	0	2	0	0	1	1	1	1	1	0	0	0	0	1	1	0	0	2	0	0	0	0	0	NA	0	0	0	0	0	0	0	0	0	0	0	0	2	0	2	2	0	2	0	0	0	0	0	0	0	0	0	0
-0.518801159365685	1	1	2	0	2	2	0	1	1	0	1	1	0	1	0	0	0	0	0	0	0	0	1	1	1	0	1	1	1	1	0	0	0	0	1	1	1	1	2	2	0	2	2	0	2	2	0	2	2	2	2	0
0.394392461802812	1	1	0	0	0	0	1	2	2	0	1	1	2	0	0	0	0	0	0	0	1	1	1	1	1	0	0	0	0	0	0	0	0	0	0	0	1	1	0	0	2	0	0	0	0	0	0	0	0	2	2	0
-0.662315300573909	0	1	1	1	1	1	0	0	0	1	0	0	0	1	0	0	0	1	0	0	1	0	0	0	1	0	0	0	0	0	0	0	0	0	1	1	0	2	0	0	2	0	0	0	0	0	0	0	0	0	0	0
1.87565477466266	0	2	0	0	0	0	1	1	1	0	0	0	0	1	1	0	0	0	1	0	1	1	0	0	0	0	2	2	2	1	0	0	0	0	2	1	0	2	0	NA	1	1	0	0	0	0	0	0	0	0	0	0
-0.331238290079577	0	2	0	0	2	2	2	1	1	0	1	1	1	0	0	0	0	0	0	0	0	1	1	1	1	0	0	0	1	0	0	0	0	1	2	2	0	1	0	0	1	0	0	0	0	0	0	0	0	0	0	0
0.52975349644277	2	0	0	0	0	0	1	1	1	0	1	1	0	1	0	0	0	0	0	0	1	1	0	1	0	0	0	0	0	0	1	1	1	0	0	0	2	0	1	1	1	NA	0	0	0	0	0	2	2	2	2	2
-0.638634040933692	0	2	0	0	0	0	1	1	1	0	1	0	0	0	0	0	0	0	1	1	1	0	0	0	0	0	0	0	1	0	0	1	0	1	2	2	0	1	0	0	1	NA	0	0	0	0	0	0	0	0	0	0
0.660063965380956	0	2	1	0	0	0	1	1	1	0	0	0	0	0	0	0	0	0	0	0	1	1	1	1	1	0	0	0	0	0	0	1	0	1	1	1	1	0	2	1	0	1	0	0	0	0	0	0	0	0	0	0
0.356137167274117	1	1	0	0	0	0	1	1	1	0	0	0	0	0	0	0	0	0	0	0	0	0	0	NA	0	0	0	0	0	0	0	1	0	0	0	0	2	0	2	2	0	2	2	0	NA	0	0	2	NA	2	2	0
0.00837207221854946	0	2	0	0	0	0	0	1	NA	0	0	0	1	0	0	0	0	0	0	0	0	0	1	1	1	0	0	0	0	0	0	1	0	0	1	1	1	1	1	1	1	1	0	0	0	0	0	0	0	0	0	0
-0.899950802188838	1	1	1	0	0	1	0	0	0	0	1	0	0	0	0	0	0	0	0	0	2	2	0	0	0	0	0	0	1	0	0	0	0	0	1	1	0	2	0	0	2	0	0	0	0	0	0	0	0	0	0	0
-1.04339743542523	1	1	1	0	0	0	1	1	1	0	0	0	0	0	0	0	0	0	0	0	2	1	0	0	0	0	0	0	0	0	1	2	1	0	1	1	1	1	1	1	1	1	0	0	0	0	0	0	0	0	0	0
-0.720988958909074	1	0	1	0	0	0	1	1	1	0	0	0	2	0	0	0	0	1	0	0	2	1	0	0	1	0	0	0	1	0	0	1	0	1	1	1	1	0	1	NA	0	2	0	0	0	0	0	0	0	0	0	0
-0.472009049084288	0	NA	1	0	1	2	1	1	1	0	1	1	0	1	0	0	0	1	0	0	2	1	1	1	NA	0	0	0	0	0	NA	1	1	1	2	2	0	2	0	0	2	0	2	0	2	2	0	2	2	2	2	0
-0.878429542909149	2	0	0	0	0	0	0	0	0	0	1	1	0	0	0	0	0	0	0	0	1	1	0	0	0	0	0	0	0	0	1	1	1	0	0	0	2	0	1	1	1	NA	2	2	NA	2	2	2	2	2	2	2
-0.684553142937307	2	0	1	0	0	0	0	1	1	0	1	0	0	0	0	0	0	0	0	0	1	1	1	1	1	0	0	0	0	0	0	0	0	0	NA	1	1	1	1	1	1	1	0	0	0	0	0	0	0	0	0	0
-0.117995296851339	0	2	1	0	1	1	0	0	0	0	0	0	0	1	0	0	0	0	0	0	0	1	0	1	0	1	0	0	1	0	0	1	0	0	0	1	1	1	1	1	1	1	0	0	0	0	0	0	0	0	0	0
-0.32417892194284	1	1	1	0	1	1	1	1	1	0	2	2	0	2	0	0	0	1	0	0	2	1	0	1	0	0	0	0	0	0	0	0	0	0	1	1	1	1	1	1	1	1	0	0	0	0	0	0	0	0	0	0
0.458158602997746	0	1	0	0	0	0	1	1	1	0	1	1	2	2	2	0	0	0	0	0	0	0	0	NA	0	0	0	0	0	0	0	0	0	0	1	1	1	1	1	1	1	1	2	0	2	2	0	0	0	0	0	0
-0.150325001203495	1	1	1	0	0	0	1	2	2	0	0	0	0	1	0	0	0	1	0	0	1	0	1	1	0	0	1	1	1	1	0	1	0	0	1	1	1	1	2	2	0	2	0	0	0	0	0	0	0	0	0	0
1.21285271833771	2	0	0	0	0	0	0	1	1	0	1	0	1	1	0	1	1	1	1	0	1	1	0	0	0	0	0	0	0	0	NA	2	NA	0	0	0	1	1	1	1	1	1	0	0	0	0	0	0	0	0	0	0
-0.330676884734557	0	2	0	0	0	0	1	1	1	0	0	0	0	1	0	0	0	0	0	0	0	1	0	1	0	0	0	0	0	0	0	1	0	0	1	1	1	1	1	1	1	1	0	0	0	0	0	0	0	0	0	0
-0.690520940508259	0	2	1	0	1	1	0	0	0	0	1	1	0	1	0	1	0	0	0	0	1	0	0	0	0	0	0	0	0	0	0	0	0	0	1	1	1	1	1	1	1	1	0	0	0	0	0	0	0	0	0	0
-0.308328099713407	1	1	0	0	0	0	0	0	0	0	1	0	1	1	0	1	1	1	0	0	1	1	0	0	0	0	0	0	0	0	NA	2	NA	0	0	0	2	0	2	2	0	2	0	0	0	0	0	0	0	0	0	0
-0.70492076903925	1	1	0	0	1	1	0	2	2	1	0	0	0	0	0	0	0	0	0	0	0	1	0	0	0	0	0	0	1	0	2	2	1	0	1	1	0	1	NA	NA	1	NA	2	0	0	0	0	0	0	0	0	0
-0.500758878221273	0	2	0	0	0	0	0	1	0	0	1	1	0	0	0	0	0	0	1	1	1	1	0	0	0	0	0	0	0	0	0	0	0	0	2	2	0	NA	1	0	1	0	0	0	0	0	0	0	0	0	0	0
-0.389726568708183	1	1	1	1	0	0	1	2	2	1	0	0	0	1	0	0	0	0	0	0	1	0	0	NA	0	0	0	0	0	0	0	2	0	0	0	0	2	0	1	2	0	1	0	0	0	0	0	0	0	0	0	0
0.406407463761553	1	1	0	0	0	0	0	1	1	0	1	0	1	1	0	0	0	1	0	0	0	1	0	0	0	0	0	0	0	0	NA	2	NA	0	0	0	1	1	1	1	1	1	0	0	0	0	0	0	0	0	0	0
-0.0308772383464551	1	1	0	0	1	1	0	0	0	0	0	0	0	0	0	0	0	0	0	0	0	1	0	0	NA	1	0	0	0	0	0	0	0	0	1	1	1	1	1	1	1	1	0	0	0	0	0	0	0	0	0	0
0.0727678094022788	0	NA	0	0	1	1	0	0	0	0	0	0	0	0	0	0	0	0	0	0	0	1	0	1	0	1	0	0	0	0	0	0	0	0	1	1	1	1	1	1	1	1	0	0	0	0	0	0	2	2	2	0
-0.81561645329574	1	1	0	0	0	0	0	0	0	0	0	0	0	0	0	0	0	0	0	0	1	0	0	0	0	0	0	0	0	0	1	1	1	0	0	0	2	0	2	2	0	2	0	0	0	2	0	0	2	2	2	2
0.231369872906733	1	1	1	0	1	1	2	2	2	0	0	0	2	1	0	0	0	0	0	0	0	0	1	1	NA	0	1	1	1	1	0	0	0	0	1	1	1	1	1	1	1	1	0	0	0	0	0	0	0	0	0	0
-0.537050807876026	0	2	0	0	0	0	1	1	1	0	0	0	0	0	0	0	0	0	0	0	2	1	0	0	0	0	0	0	0	0	0	0	0	0	1	1	1	1	0	0	2	0	0	0	0	0	0	0	0	0	2	0
0.125689788102037	0	0	0	0	0	0	1	1	1	0	0	0	1	0	0	0	0	0	0	0	1	1	0	0	0	0	0	0	0	0	0	0	0	1	1	1	1	0	1	1	0	NA	0	0	0	0	0	0	0	0	0	0
-0.790411143352896	1	1	1	0	1	1	0	1	0	0	1	1	0	0	0	0	0	0	0	0	1	1	NA	0	0	0	0	0	0	0	0	1	0	0	1	1	0	2	0	0	2	0	0	0	0	0	0	0	0	0	0	0
0.169820545523834	1	1	0	0	0	0	0	1	1	0	0	0	0	0	0	0	0	0	0	0	2	1	1	2	0	0	0	0	0	0	0	0	0	0	0	1	1	1	0	0	1	1	0	0	0	0	0	0	0	0	0	0
-0.0412456238302901	0	0	1	0	0	1	2	2	2	0	1	1	1	1	0	0	0	0	0	0	2	1	1	1	1	0	0	0	1	0	0	1	0	0	0	1	1	1	1	1	1	1	0	0	0	0	0	0	0	0	0	0
0.330805733720482	0	1	1	0	0	0	1	1	1	0	2	2	0	1	0	0	0	0	0	0	0	1	1	1	1	0	1	0	1	0	0	0	0	2	2	2	0	1	1	0	1	0	0	0	0	0	0	0	0	0	0	0
-0.714679353861434	2	0	0	0	0	0	0	1	1	0	1	0	0	1	0	1	1	1	1	0	1	1	0	0	0	0	0	0	0	0	NA	2	NA	0	0	0	1	1	1	1	1	1	0	0	0	0	0	0	0	0	0	0
-0.0693177500750789	1	1	1	1	0	0	1	1	1	0	0	0	0	0	1	1	1	0	0	0	2	2	0	0	0	0	0	0	0	0	NA	1	1	0	1	1	1	1	1	1	2	0	0	0	0	0	0	0	0	0	0	0
-0.437342386673187	1	1	0	0	0	0	0	0	0	0	1	1	0	1	0	0	0	1	0	0	0	2	2	1	1	0	0	0	0	0	1	1	1	0	1	1	1	1	1	1	1	1	0	0	0	0	0	0	0	0	0	0
-0.922975854365791	1	1	1	1	0	0	1	1	1	0	0	0	0	1	0	1	1	1	0	0	1	0	0	0	0	0	0	0	0	0	1	1	1	0	1	2	0	2	0	0	2	0	0	0	0	0	0	0	0	0	0	0
0.0972629481983504	2	0	2	0	0	1	1	1	1	0	0	0	0	0	0	0	0	0	0	0	1	2	1	1	1	0	0	0	0	0	0	0	0	0	1	1	1	1	2	2	0	2	0	0	0	0	0	0	2	2	2	0
-0.415068203257557	2	0	0	0	1	1	0	1	0	0	0	0	0	0	0	0	0	2	0	0	0	0	1	1	1	0	1	0	1	0	1	1	1	0	1	1	1	1	1	1	1	1	2	2	NA	2	2	2	2	2	NA	0
-0.0446764506266185	0	2	0	0	0	0	1	1	1	0	0	0	1	1	0	0	0	0	0	0	1	1	0	0	0	0	1	0	1	0	0	0	0	1	1	1	1	0	2	1	0	1	0	0	0	0	0	0	0	0	0	0
0.584931796742443	0	1	0	0	0	0	0	0	0	0	1	1	0	1	0	0	0	0	0	0	2	1	0	0	0	0	0	0	0	0	1	1	1	0	2	2	0	2	0	0	2	0	0	0	0	0	0	0	0	0	0	0
0.121558043691055	2	0	1	0	0	0	1	2	2	0	0	0	0	1	0	0	0	0	0	0	1	1	0	0	0	1	0	0	0	0	1	2	1	0	0	0	2	0	1	1	1	1	2	2	NA	2	2	2	2	2	NA	0
-0.812581801995669	2	0	0	0	0	0	1	1	1	0	1	1	1	0	0	0	0	0	0	0	2	1	0	1	1	0	0	0	0	0	0	2	0	0	1	0	2	0	2	2	0	2	0	0	0	NA	0	0	0	0	0	0
-0.757406142799846	1	1	1	1	0	1	1	1	1	0	1	1	1	1	0	0	0	1	0	0	1	0	0	0	0	0	0	0	0	0	0	1	0	0	1	1	1	1	1	1	1	1	0	0	0	0	0	0	0	0	0	0
-0.184466232772588	0	2	1	0	0	0	2	1	1	0	1	1	1	1	0	1	1	0	0	0	1	2	0	0	0	0	0	0	1	0	0	0	0	0	0	1	1	1	0	0	2	0	0	0	0	0	0	0	0	0	0	0
-0.0526657579196975	1	0	1	0	1	NA	1	0	0	0	1	1	0	0	0	0	0	0	0	0	1	2	0	1	0	0	1	0	1	0	0	0	0	0	2	2	0	2	0	0	2	0	2	0	2	2	0	2	2	2	2	0
0.188026957614583	0	1	1	1	0	0	1	0	0	0	1	1	0	1	0	0	0	0	0	0	1	1	0	0	0	1	0	0	0	0	1	1	NA	0	1	1	1	1	1	1	1	1	2	0	2	2	0	2	0	0	0	0
-0.0194609405513094	1	1	0	0	0	0	0	0	0	0	1	1	0	1	0	0	0	0	0	0	1	0	0	0	0	0	0	0	1	0	0	0	0	1	2	2	0	1	1	0	1	0	0	0	0	0	0	0	0	0	0	0
0.100199099980167	1	1	0	0	0	0	0	0	0	0	1	1	2	0	0	0	0	1	0	0	0	0	0	0	0	0	0	0	0	0	1	1	1	0	0	0	2	0	2	2	0	2	0	0	0	0	0	0	0	0	0	0
-0.239272835754538	2	0	1	0	0	1	0	1	0	0	0	0	2	0	0	0	0	0	0	0	1	2	1	1	1	0	0	0	0	0	0	1	0	0	1	1	1	1	1	1	1	1	0	0	0	0	0	0	0	NA	0	0
-0.479672113797475	1	1	0	0	0	0	0	0	0	0	1	1	1	1	0	0	0	0	0	0	1	0	0	0	0	0	0	0	0	0	0	1	0	0	2	2	0	2	0	0	2	0	0	0	0	0	0	0	0	0	0	0
-0.841320080919413	1	1	2	0	0	0	1	1	1	0	0	0	0	0	0	1	0	0	0	0	0	0	1	1	2	0	1	1	1	1	0	0	0	0	0	0	2	0	1	0	1	0	NA	0	0	0	0	0	0	0	0	0
0.283472576286365	1	1	1	0	0	0	0	0	0	0	0	0	0	0	0	0	0	0	0	0	0	1	1	1	1	0	0	0	0	0	0	2	0	0	NA	0	2	0	2	2	0	2	0	0	0	0	0	0	0	0	0	0
0.408298475290355	0	1	0	0	0	0	1	0	0	0	0	0	0	0	0	0	0	0	0	0	1	0	0	0	0	0	0	0	0	0	0	1	0	0	0	0	1	1	1	1	1	1	0	0	0	0	0	0	0	0	0	0
0.187647970040526	0	1	1	0	1	1	1	1	1	0	1	1	0	2	0	0	0	1	0	0	1	0	1	1	1	0	0	0	0	0	0	0	0	0	1	1	1	1	1	0	1	0	0	0	0	0	0	0	0	0	0	0
0.0816682152778471	0	2	0	0	0	0	1	1	1	0	0	0	1	0	0	0	0	0	0	0	1	1	1	1	1	0	0	0	0	0	0	0	0	0	1	1	1	1	0	0	2	0	0	0	0	0	0	0	0	0	0	0
-0.643828423397251	1	1	0	0	1	1	1	1	1	0	1	1	0	1	0	0	0	0	0	0	2	2	0	0	0	0	0	0	0	0	1	2	1	0	1	1	1	1	1	1	1	1	0	0	0	0	0	0	0	0	0	0
-0.0404334167569527	1	1	1	0	2	2	0	1	1	0	0	0	0	0	0	0	0	0	0	0	1	0	0	0	0	0	0	0	1	0	1	2	1	0	1	2	0	2	0	0	1	1	2	0	0	0	0	0	0	0	0	0
-0.085554912172027	2	0	1	0	0	0	0	2	0	0	2	2	0	0	0	0	0	1	0	0	0	1	1	1	1	0	0	0	0	0	0	1	0	0	0	0	2	0	1	1	1	1	0	0	0	0	0	0	0	0	0	0
-0.939012304781456	1	1	0	0	0	0	0	0	0	0	2	2	0	1	0	0	0	2	0	0	1	1	0	0	0	0	0	0	NA	0	0	0	0	1	1	1	1	0	2	1	1	1	0	0	0	0	0	0	0	0	0	0
-0.229656953976304	2	0	0	0	1	1	0	1	0	1	1	1	1	1	0	0	0	0	0	0	2	1	1	1	1	0	0	0	0	0	0	0	0	0	2	2	0	2	0	0	2	0	0	0	0	0	0	0	0	0	0	0
1.7157633673478	0	2	0	0	0	1	1	1	1	0	0	0	1	1	0	1	1	1	0	0	1	1	0	0	1	0	0	0	0	0	0	1	0	0	2	1	1	1	0	0	2	0	0	0	0	0	0	0	0	0	0	0
0.0620974208034567	1	1	0	0	1	1	1	1	1	0	1	0	0	1	0	0	0	0	0	0	1	2	0	0	0	0	0	0	0	0	0	0	0	0	0	0	2	0	2	1	0	1	0	0	0	0	0	0	0	0	0	0
0.296505667153277	1	1	0	0	0	0	0	0	0	0	0	0	0	0	0	0	0	0	0	0	1	1	1	1	1	1	0	0	0	0	0	0	0	0	1	1	1	1	0	0	1	1	0	0	0	0	0	0	0	0	0	0
-0.280165962721465	1	0	1	0	1	1	0	1	1	0	1	1	0	2	0	0	0	0	0	0	0	1	2	2	2	0	0	0	0	0	0	0	0	1	1	1	1	0	1	0	1	1	0	0	0	0	0	0	0	0	0	0
-0.0755266063750041	1	0	0	0	0	0	0	1	1	0	1	1	0	1	0	0	1	0	0	0	1	0	1	2	1	0	0	0	0	0	0	2	0	0	1	1	1	1	0	0	2	0	2	0	2	2	0	2	2	2	2	0
-0.485988968956275	1	1	0	0	0	0	2	2	2	0	1	1	0	1	0	0	0	0	0	0	2	0	1	1	1	0	0	0	1	0	1	2	1	0	1	1	1	1	1	1	1	1	0	0	0	0	0	0	0	0	0	0
1.59116170699242	0	2	NA	0	0	0	1	2	2	1	2	2	0	1	0	0	0	1	0	0	1	1	0	0	0	1	0	0	0	0	NA	2	NA	1	1	1	1	1	1	1	1	1	0	0	0	0	0	0	0	0	0	0
0.0104633623311261	0	2	1	0	0	0	2	2	2	0	0	0	0	1	0	0	0	0	0	0	0	2	1	1	0	0	0	0	0	0	1	2	1	1	2	2	0	NA	NA	0	2	0	0	0	0	0	0	0	0	0	0	0
-0.00644467179344543	1	1	1	0	1	1	0	0	0	0	1	1	0	1	0	0	0	1	0	0	1	1	0	0	0	1	1	0	1	0	0	1	0	1	2	2	0	1	1	0	2	0	0	0	0	0	0	0	0	0	0	0
1.94482820219811	1	1	0	0	0	0	0	0	0	0	2	1	1	1	0	0	0	1	0	0	1	2	NA	1	1	1	0	0	1	0	0	0	0	0	NA	0	2	0	2	2	0	2	0	0	0	0	0	0	0	0	0	0
1.44370495793625	0	2	0	0	0	0	0	0	0	0	0	0	0	0	1	0	0	1	1	1	0	0	1	1	0	0	0	0	0	0	NA	1	1	0	1	1	1	1	1	1	1	0	0	0	0	0	0	0	0	0	0	0
-0.564524755688714	1	0	0	0	0	0	2	2	2	0	1	1	1	0	0	1	1	1	0	0	2	1	0	1	0	0	0	0	0	0	0	0	0	0	0	0	2	0	2	2	0	1	2	0	0	0	0	0	0	0	0	0
1.2341620740164	1	1	1	0	1	1	1	1	1	0	0	0	2	0	0	1	0	0	0	0	2	2	1	1	1	1	1	1	1	1	0	1	0	0	0	0	2	0	2	2	0	2	0	0	0	0	0	0	0	0	0	0
-0.0673616195415518	1	0	2	1	0	0	2	2	2	0	0	0	0	0	0	0	0	1	0	0	1	1	1	1	1	0	1	0	2	0	0	1	0	1	1	1	0	1	1	0	1	0	0	0	0	0	0	0	0	0	0	0
-0.428944451516519	0	2	0	0	0	0	0	0	0	0	1	0	1	0	0	0	0	0	0	0	1	0	0	0	0	0	0	0	0	0	0	0	0	0	0	0	2	0	2	2	0	2	0	0	0	0	0	0	0	0	0	0
-0.372744537388366	0	1	0	0	0	0	0	1	1	0	1	1	0	1	0	0	0	0	0	0	1	2	0	0	0	0	0	0	0	0	0	1	0	0	1	1	1	1	0	0	2	0	0	0	0	0	0	0	0	0	0	0
0.646032691585685	1	1	0	0	1	1	0	0	0	0	0	0	1	1	0	0	0	1	0	0	0	1	0	1	0	0	0	0	0	0	0	2	0	0	0	0	2	0	2	2	0	2	0	0	0	0	0	0	0	0	2	0
-0.178987790439336	1	1	0	0	0	0	1	2	2	0	0	0	0	0	1	0	0	1	0	0	0	2	NA	0	0	0	0	0	0	0	0	1	0	0	0	0	1	1	1	1	1	1	0	0	0	0	0	0	0	0	0	0
-0.467584409654809	1	1	0	0	1	1	0	0	0	0	0	0	0	0	0	0	0	0	1	0	2	0	1	2	1	0	0	0	0	0	0	1	0	0	1	0	2	0	2	2	0	1	0	0	0	0	0	0	0	0	0	0
-0.136929588811212	0	1	0	0	0	0	1	1	1	0	1	1	1	1	0	0	0	1	0	0	0	2	0	0	0	0	1	1	1	0	0	0	0	1	1	1	1	0	2	1	0	0	0	0	0	0	0	0	0	0	0	0
-0.509222946058811	1	1	1	0	0	0	1	2	1	0	1	1	0	1	0	0	0	0	0	0	0	1	0	0	0	0	0	0	0	0	1	2	1	0	0	0	2	0	0	0	2	0	0	0	0	0	0	0	0	0	0	0
-0.425755980814231	0	0	0	0	0	0	1	2	2	0	1	1	1	1	0	0	0	1	0	0	1	1	1	1	1	0	0	0	0	0	0	1	0	0	1	1	1	1	1	1	1	1	0	0	0	0	0	0	0	0	0	0
-0.0255247433646061	0	2	0	0	0	1	0	1	1	0	0	0	0	0	0	0	0	0	0	0	0	0	0	0	1	0	0	0	0	0	0	1	0	0	1	1	1	1	1	1	1	1	0	0	0	0	0	0	0	0	0	0
-0.744752469989641	1	1	1	0	0	1	0	1	NA	0	1	1	1	0	0	0	0	0	0	0	0	1	0	0	0	1	1	0	1	0	0	2	0	0	1	2	0	2	0	0	1	1	2	2	0	2	2	2	2	2	2	2
0.0447322101186471	0	2	0	0	1	1	1	1	1	0	0	0	2	0	0	1	0	1	0	0	2	1	1	1	1	1	1	1	1	1	0	2	0	0	1	1	1	1	1	1	1	1	0	0	0	0	0	0	0	0	0	0
-0.104105371951176	0	2	2	0	0	0	0	0	0	0	0	0	2	0	0	1	0	0	0	0	2	1	1	1	1	1	1	1	1	1	1	2	0	0	1	1	1	1	1	1	1	1	0	0	0	0	0	0	0	0	0	0
-0.182584312598922	1	1	0	0	0	0	1	1	1	0	0	0	0	1	0	1	0	0	0	0	0	1	0	0	0	0	0	0	0	0	0	0	0	0	1	1	1	1	0	0	2	0	0	0	0	0	0	0	0	0	0	0
-0.00951685482957775	2	0	2	0	1	1	1	1	1	0	0	0	0	0	0	0	0	0	0	0	1	1	1	1	1	0	0	0	1	0	0	1	0	0	2	2	0	2	0	0	2	0	0	0	0	0	0	0	0	0	0	0
-0.202268760500533	0	2	0	0	0	0	0	1	1	0	0	0	0	0	0	0	0	0	0	0	2	0	1	1	0	1	0	0	0	0	0	1	0	0	1	1	1	1	0	0	2	0	0	0	0	0	0	0	0	0	0	0
0.125326838339339	1	1	1	0	0	0	0	0	0	0	0	0	0	1	0	0	0	0	1	0	0	1	0	2	0	2	0	0	0	0	NA	1	1	0	NA	1	1	1	1	1	1	1	0	0	0	0	0	0	0	0	0	0
-0.213969662792578	1	1	0	0	0	0	1	2	2	0	0	0	0	1	0	0	0	0	0	0	0	0	0	NA	0	0	0	0	0	0	0	2	0	0	0	0	2	0	1	2	0	1	2	0	0	0	0	0	0	0	0	0
-0.261171721698805	1	1	0	0	0	0	1	1	1	0	1	1	0	1	0	0	0	0	0	0	1	2	0	0	0	0	0	0	0	0	1	1	1	0	0	0	2	0	1	1	1	1	0	0	0	0	0	0	0	0	0	0
0.0135427703663901	1	1	1	0	0	0	0	2	2	0	1	1	0	0	0	0	0	0	0	0	0	1	0	0	0	0	1	0	1	0	0	0	0	0	2	2	0	2	0	0	2	0	0	0	0	0	0	0	0	0	0	0
-0.996860836233995	NA	0	1	0	0	0	1	2	2	0	0	0	0	0	0	0	0	0	0	0	1	0	1	1	1	1	0	0	0	0	0	0	0	1	2	2	0	1	1	0	2	0	0	0	0	0	0	0	0	0	0	0
0.0158001658655622	1	1	1	0	0	0	0	0	0	0	1	1	0	1	0	0	0	0	0	0	1	0	1	1	1	0	1	0	1	0	1	1	1	0	1	1	1	1	1	1	1	0	0	0	0	0	0	2	NA	2	2	0
-0.395679985627538	2	0	1	0	0	0	0	2	1	1	1	1	2	0	0	0	0	1	0	0	1	1	0	0	0	0	0	0	0	0	0	0	0	0	2	2	1	1	1	0	1	0	0	0	0	0	0	0	0	NA	0	0
-0.121424076430583	0	2	NA	0	1	1	1	2	2	0	0	0	1	1	0	0	0	0	0	0	1	0	0	0	0	1	0	0	0	0	0	1	0	0	0	0	2	0	2	2	0	2	0	0	0	0	0	0	0	0	2	0
0.957694094032415	0	2	0	0	0	0	0	0	0	0	0	0	0	1	0	0	0	1	0	0	1	1	0	0	0	0	0	0	0	0	0	1	0	0	1	1	1	NA	2	1	0	2	0	0	0	0	0	0	0	0	0	0
0.0166162361744852	1	NA	NA	NA	1	1	1	1	1	0	1	1	0	0	0	0	0	1	0	0	1	1	0	0	0	0	0	0	0	0	2	2	2	0	1	NA	1	1	NA	0	1	0	0	0	0	0	0	0	0	0	0	0
0.166310961400516	1	1	0	0	0	1	1	1	1	0	1	1	1	0	0	1	1	0	0	0	2	0	0	1	0	0	0	0	0	0	0	0	0	0	1	1	1	1	1	1	1	1	0	0	0	0	0	0	0	0	0	0
-0.196827265985064	1	1	1	0	0	0	1	1	1	0	0	0	0	0	0	0	0	0	0	0	0	0	0	0	0	0	0	0	0	0	0	0	0	0	1	1	0	2	0	0	2	0	0	0	0	0	0	0	0	0	0	0
0.474201992583015	0	2	0	0	0	1	1	1	1	0	0	0	0	0	0	1	1	1	0	0	2	1	0	0	0	0	0	0	0	0	0	1	0	0	1	1	1	1	1	1	1	1	0	0	0	0	0	0	0	0	0	0
-0.385676551928936	1	0	1	0	0	1	2	2	2	0	2	2	0	0	0	0	0	1	0	0	1	0	0	0	0	0	0	0	0	0	0	2	0	0	2	2	0	2	0	0	2	0	0	0	0	0	0	0	0	0	0	0
-0.300744745149984	0	2	1	0	1	1	1	0	0	0	1	1	1	0	0	0	0	1	0	0	1	0	0	1	0	1	0	0	NA	0	0	0	0	0	1	0	1	1	1	1	1	1	0	0	0	0	0	0	0	0	0	0
-0.319678632881133	0	1	0	0	0	0	0	2	1	0	1	1	2	2	0	0	0	1	0	0	1	1	1	1	1	0	0	0	0	0	0	1	0	0	0	1	0	2	0	0	1	1	0	0	0	0	0	0	0	0	0	0
-0.457570055599503	1	1	1	0	0	1	0	0	0	0	0	0	0	1	0	0	0	1	0	0	1	2	0	1	0	0	0	0	0	0	1	1	1	0	1	1	0	2	0	0	2	0	0	0	0	0	0	0	0	0	0	0
0.0186160520065617	1	1	0	0	0	1	1	1	0	0	1	1	0	1	0	1	0	0	0	0	1	1	0	1	0	0	0	0	0	0	0	0	0	1	1	1	1	0	1	0	1	0	0	0	0	0	0	0	0	0	0	0
1.31065442905999	1	1	0	0	1	1	1	2	2	0	0	0	0	2	0	0	0	0	0	0	1	1	0	1	0	0	0	0	0	0	0	0	0	0	0	0	2	0	2	2	0	NA	0	0	0	0	0	0	0	0	0	0
-0.304404859144483	0	1	2	1	1	1	0	1	0	0	1	1	1	0	0	0	0	1	0	0	0	0	0	0	0	0	0	0	0	0	0	2	0	0	1	1	1	1	1	1	1	1	0	0	0	0	0	0	0	0	0	0
0.120239263517202	1	1	0	0	1	2	1	1	1	0	0	0	0	0	0	0	0	0	0	0	0	2	1	1	1	0	0	0	0	0	0	0	0	0	0	0	2	0	2	2	0	2	2	0	0	0	0	0	0	0	0	0
0.0688044081224059	0	1	1	0	0	0	0	0	0	0	0	0	0	2	0	1	0	0	0	0	0	2	1	1	1	0	0	0	0	0	0	0	0	0	1	0	1	1	1	1	1	1	0	0	0	0	0	0	0	0	0	0
0.112710516013569	1	1	0	0	0	0	1	2	2	0	0	0	1	0	0	0	0	1	0	0	2	2	0	0	0	0	0	0	1	0	0	0	0	0	1	1	1	1	1	1	1	1	0	0	0	0	0	0	0	0	0	0
-0.429046936532122	1	1	1	0	0	0	1	2	1	0	1	1	0	0	0	1	0	0	0	0	0	2	0	0	0	0	0	0	0	0	0	1	0	0	0	0	2	0	0	0	2	0	0	0	0	0	0	0	0	0	0	0
-0.719595606231499	0	2	1	0	2	2	0	0	0	0	0	0	0	0	0	0	0	0	0	0	0	1	0	0	0	0	1	0	1	0	0	1	0	0	1	1	1	1	0	0	2	0	0	0	0	0	0	0	0	0	0	0
1.73238634562321	0	1	1	0	0	0	1	1	1	0	0	0	0	0	0	0	0	0	0	0	1	1	0	0	0	0	0	0	0	0	0	1	0	0	1	1	1	1	1	1	1	0	0	0	0	0	0	0	0	0	2	0
-0.425824815047434	1	1	0	0	0	0	1	2	2	0	0	0	0	0	0	0	0	0	0	0	2	1	1	1	0	0	0	0	0	0	0	0	0	0	1	1	1	1	0	0	2	0	0	0	0	0	0	0	0	0	0	0
-0.0727497773197515	0	2	0	0	0	0	1	1	1	0	0	0	0	0	0	0	0	0	0	0	2	1	0	0	0	0	0	0	0	0	0	0	0	0	1	1	1	1	0	0	2	0	0	0	0	0	0	0	0	0	0	0
-0.632301882667425	1	1	1	1	1	1	2	2	2	0	1	1	0	0	0	1	0	1	0	0	1	1	0	0	0	0	0	0	0	0	0	0	0	0	2	2	0	2	2	1	0	1	0	0	0	0	0	0	2	2	0	0
-0.384273912540206	NA	1	1	0	0	0	1	0	0	0	1	0	1	0	1	0	0	0	0	0	2	0	0	0	0	0	0	0	1	0	0	1	0	0	1	1	1	1	1	1	1	1	2	0	2	2	0	2	2	2	2	0
-0.103453354122958	2	0	1	0	1	1	0	0	0	0	0	0	0	0	0	0	0	0	0	0	1	1	2	2	NA	1	0	0	0	0	0	0	0	0	1	2	0	2	0	0	1	1	0	0	0	0	0	0	0	0	0	0
1.76287340971841	0	2	1	0	1	1	1	1	1	0	0	0	1	1	0	0	0	0	0	0	1	0	1	1	1	0	0	0	1	0	0	1	0	0	1	1	1	1	1	1	1	1	0	0	0	0	0	0	0	0	0	0
0.479554047804884	1	0	1	0	0	0	0	1	NA	0	0	0	0	1	0	1	1	0	0	0	0	1	0	1	0	0	0	0	1	0	0	0	0	NA	1	1	1	1	1	1	1	0	0	0	0	0	0	0	0	NA	0	0
-0.136229961376231	1	1	1	0	0	0	2	2	2	0	0	0	0	0	0	0	0	0	0	0	1	0	0	0	0	0	0	0	0	0	0	0	0	0	1	1	1	1	1	1	1	1	2	0	2	2	2	2	2	2	2	2
1.00137574012352	2	0	0	0	1	1	0	0	0	0	0	0	2	1	0	0	0	1	0	0	2	1	0	0	0	0	0	0	0	0	0	0	0	0	1	1	1	1	1	1	1	1	0	0	0	0	0	0	0	0	0	0
-0.258174044522996	1	0	1	0	0	1	0	1	1	0	2	2	1	0	0	1	0	0	0	0	0	0	1	1	1	0	0	0	0	0	0	0	0	0	0	0	2	0	2	2	0	2	0	0	0	0	0	0	0	0	0	0
-0.460990654998506	1	1	0	0	1	1	0	2	2	0	2	1	0	0	0	0	0	0	0	0	1	1	0	0	0	0	0	0	1	0	2	2	1	0	1	1	1	0	NA	NA	0	1	2	0	0	0	0	0	0	0	0	0
-0.453218398925545	1	0	0	0	1	1	1	1	1	0	1	1	0	1	0	0	0	0	0	0	1	0	1	1	1	0	0	0	NA	0	0	1	0	0	2	2	0	2	1	1	1	0	0	0	0	0	0	0	0	0	0	0
-0.254463224696634	1	0	1	0	0	0	0	1	1	0	0	0	0	0	0	0	0	0	0	0	1	0	0	0	0	0	0	0	0	0	0	1	0	1	1	1	1	0	2	1	0	1	0	0	0	0	0	NA	0	0	0	0
-0.435859781675126	0	1	0	0	0	0	1	1	1	0	0	0	0	0	0	0	0	0	0	0	1	1	0	0	0	0	0	0	0	0	0	1	0	0	1	1	1	1	0	0	2	0	0	0	0	0	0	0	0	0	2	0
-0.405318266056042	1	1	1	0	0	0	0	0	0	0	0	0	0	0	0	0	0	1	0	0	2	1	0	0	0	0	0	0	0	0	0	0	0	1	1	1	1	NA	NA	1	1	1	0	0	0	0	0	0	0	0	0	0
-0.338236201202963	0	2	0	0	0	0	1	1	1	0	1	0	0	2	0	0	0	0	0	0	1	0	0	1	0	1	0	0	0	0	0	1	0	0	1	1	1	1	1	1	1	1	0	0	0	0	0	0	0	0	0	0
0.0269075864293447	0	1	0	0	1	1	0	2	0	1	0	0	0	0	0	0	0	0	0	0	1	1	0	0	0	0	0	0	0	0	0	1	0	0	0	0	1	1	1	1	1	1	0	0	0	0	0	0	0	0	0	0
-0.553566625158531	1	0	1	0	2	2	0	1	0	0	1	1	0	1	0	0	0	1	0	0	2	0	0	1	0	0	0	0	0	0	0	2	0	0	2	2	0	2	0	0	2	0	0	0	0	0	0	0	0	0	0	0
-0.579049267912587	1	0	1	0	0	0	1	2	2	0	1	1	0	0	0	1	0	0	0	0	1	1	0	0	0	0	0	0	0	0	0	1	0	0	1	1	1	1	1	1	1	0	0	0	0	0	0	0	0	0	0	0
0.0213751392937439	0	1	1	0	0	0	1	1	1	0	0	0	1	0	0	0	0	0	0	0	1	0	0	0	0	0	1	0	1	0	0	1	0	1	1	1	1	0	2	0	1	0	0	0	0	0	0	0	0	0	0	0
-0.617406033777685	1	1	0	0	0	0	2	2	2	0	1	1	0	0	0	0	0	0	0	0	2	0	0	0	0	0	0	0	0	0	1	2	1	0	1	1	1	1	1	1	1	1	0	0	0	0	0	0	2	2	2	0
-0.276113691028538	1	1	0	1	1	1	0	0	0	0	1	1	1	1	0	0	0	1	0	0	2	0	1	2	1	0	0	0	0	0	0	1	0	0	1	1	1	1	0	0	2	0	0	0	0	0	0	0	0	0	0	0
-0.0929272196753449	2	0	0	0	0	0	0	0	0	0	0	0	1	0	0	0	0	0	0	0	0	1	1	1	1	0	1	1	1	1	0	1	0	1	1	1	1	0	2	1	0	1	0	0	0	0	0	0	0	0	0	0
0.233065113639739	0	1	NA	NA	0	0	0	1	1	0	1	1	0	0	0	0	0	0	0	0	1	1	0	0	0	0	1	0	1	0	0	1	0	0	0	1	1	1	1	1	0	2	0	0	0	0	0	0	0	0	0	0
-0.0960853655009274	1	1	1	1	0	0	0	0	0	0	2	1	0	1	0	1	0	0	0	0	1	0	0	0	0	0	0	0	0	0	0	0	0	1	0	0	NA	1	1	1	1	0	NA	0	0	0	0	0	0	0	0	0
-0.707665502717382	1	1	1	1	0	0	1	1	1	0	1	1	0	1	0	0	0	0	0	0	1	1	0	0	0	0	0	0	0	0	0	0	0	1	1	1	NA	2	1	0	1	0	0	0	0	0	0	0	0	0	0	0
-0.411004022423022	1	1	1	0	1	1	2	1	1	0	1	1	0	0	0	0	0	0	1	0	0	1	1	1	1	1	0	0	0	0	0	1	0	0	NA	1	0	2	0	0	2	0	0	0	0	0	0	0	0	0	0	0
-0.398796215580099	0	2	0	0	0	0	2	2	2	0	1	1	0	1	0	0	0	0	0	0	2	1	1	1	1	0	0	0	1	0	1	2	1	0	0	0	2	0	NA	1	0	1	0	0	0	0	0	0	2	2	2	0
0.0643847996378628	0	2	0	0	0	0	0	0	0	0	1	NA	0	0	0	0	0	1	0	0	1	2	0	0	0	1	0	0	0	0	0	0	0	0	1	2	0	2	0	0	2	0	2	0	0	0	0	0	0	0	0	0
0.012549667760562	0	2	0	0	1	1	1	1	1	0	0	0	0	0	0	1	0	0	0	0	0	1	1	1	1	0	0	0	0	0	0	0	0	1	1	1	1	0	2	1	0	1	0	0	0	0	0	0	0	0	0	0
-0.135248976462708	0	1	0	1	0	0	0	2	2	0	0	0	0	0	0	0	0	1	0	0	1	2	1	1	1	0	0	0	0	0	0	0	0	0	0	0	NA	NA	0	1	1	1	0	0	0	0	0	0	0	0	0	0
-0.703489462790737	1	NA	NA	NA	1	1	0	0	0	0	1	1	0	0	0	0	0	0	0	0	1	1	0	0	0	0	0	0	1	0	1	1	1	0	1	NA	1	1	1	1	1	1	0	0	0	0	0	0	0	0	0	0
-0.277159232932684	1	1	1	0	0	0	1	1	1	0	1	1	1	0	0	0	0	1	1	1	1	1	0	0	0	0	1	1	1	0	0	1	0	0	0	0	2	0	2	2	0	1	0	0	0	0	0	0	0	0	0	0
-0.110434610458762	1	1	2	1	0	0	2	0	0	0	1	1	1	1	0	0	0	0	0	0	0	1	0	NA	0	0	0	0	0	0	1	1	1	0	1	1	0	2	0	0	2	0	0	0	0	0	0	0	0	0	0	0
1.3605014286129	0	2	0	0	1	1	0	0	0	1	1	1	1	1	0	1	0	1	0	0	1	0	0	0	0	1	0	0	0	0	0	0	0	0	0	0	2	0	1	1	2	0	0	0	0	0	0	0	2	2	0	0
1.35244607869534	0	2	1	0	0	0	1	2	1	0	1	1	0	1	0	1	NA	1	0	0	0	2	0	0	0	0	1	1	1	1	0	1	0	1	2	2	0	1	1	0	1	0	0	0	0	0	0	0	0	0	0	0
1.70581669279024	0	2	0	0	1	2	0	0	0	0	1	1	0	0	0	0	0	0	0	0	1	1	0	0	0	0	0	0	0	0	0	2	0	0	1	1	1	1	0	1	1	1	0	0	0	0	0	0	0	0	0	0
1.39587857581406	1	1	0	0	1	1	0	0	0	0	1	1	0	1	0	0	0	1	0	0	1	1	0	1	1	0	0	0	0	0	0	0	0	0	1	1	1	1	2	2	0	2	0	0	0	0	0	0	0	0	0	0
-0.358734962097063	1	0	0	0	0	0	1	1	1	1	0	0	1	1	0	0	0	0	0	0	0	2	0	0	0	0	0	0	0	0	0	1	0	0	1	2	0	2	0	0	2	0	0	0	0	0	0	0	0	0	0	0
-0.501131947074735	1	1	1	0	0	0	1	1	1	0	0	0	1	0	0	0	0	0	0	0	1	1	0	0	0	0	0	0	1	0	0	1	1	1	1	1	1	0	2	NA	0	2	0	0	0	0	0	0	0	0	0	0
-0.392673833733994	2	0	1	1	0	0	2	2	2	0	1	1	1	1	0	0	0	0	0	0	1	0	1	1	NA	0	0	0	0	0	0	1	0	0	1	1	1	1	0	0	1	1	0	0	0	0	0	0	0	0	0	0
-0.580946158877027	1	1	1	1	1	1	2	2	2	0	0	0	0	2	0	0	0	1	0	0	1	0	0	0	0	0	0	0	0	0	0	0	0	0	1	2	0	2	0	0	1	1	0	0	0	0	0	0	2	2	0	0
-0.00606639961656506	1	1	0	0	1	1	1	1	1	0	0	0	0	2	0	1	NA	1	0	0	0	0	1	1	NA	1	0	0	0	0	0	1	0	0	1	1	1	1	1	1	1	1	0	0	0	0	0	0	0	0	0	0
-0.238944712864967	1	0	0	0	0	0	0	0	0	0	0	0	0	1	0	0	0	1	1	1	0	0	0	0	0	0	0	0	0	0	0	0	0	1	1	1	1	0	2	1	0	1	0	0	0	0	0	0	0	0	0	0
0.267945027512775	0	1	1	0	0	1	1	1	1	0	1	1	0	1	0	0	0	1	0	0	1	1	0	0	0	0	1	0	2	0	0	0	0	0	1	1	1	1	0	0	2	0	0	0	0	0	0	0	0	0	0	0
0.39965740327029	1	0	0	0	0	0	0	1	1	0	1	1	0	1	0	0	0	1	0	0	2	2	0	0	0	0	0	0	0	0	0	0	0	0	1	1	1	1	1	1	1	1	0	0	0	0	0	0	0	0	0	0
-0.0712706657910351	1	1	1	0	0	0	0	1	0	0	2	2	0	0	0	0	0	1	0	0	0	2	1	1	1	1	0	0	0	0	0	1	0	0	0	0	2	0	1	1	1	1	0	0	0	0	0	0	0	0	0	0
0.654302516993218	1	0	0	0	0	0	0	0	0	0	0	0	1	0	0	0	0	0	0	0	1	0	0	0	0	0	0	0	0	0	0	1	0	0	0	0	2	0	2	2	0	2	0	0	0	0	0	0	0	0	0	0
1.67583821703417	0	2	1	0	2	2	1	1	1	0	0	0	1	2	0	0	0	1	0	0	0	2	0	0	0	0	0	0	1	0	0	1	0	0	1	1	1	1	1	1	1	1	0	0	0	0	0	0	0	0	0	0
-0.0499006137781912	2	0	1	0	0	0	0	1	0	1	1	1	0	0	0	0	0	1	0	0	0	1	1	1	1	0	0	0	0	0	0	1	0	1	1	1	1	NA	1	0	1	0	0	0	0	0	0	0	2	2	2	0
-0.417942316795729	1	1	0	0	1	1	1	1	1	0	1	NA	0	0	0	0	0	0	0	0	1	1	2	2	1	0	0	0	0	0	0	1	0	0	0	1	1	1	0	0	2	0	2	0	0	0	0	0	0	0	0	0
0.317697436517296	0	2	0	0	1	1	1	1	1	0	0	0	0	0	0	1	NA	0	0	0	1	1	0	0	1	2	2	2	2	2	0	1	0	0	2	2	0	2	0	0	2	0	0	0	0	0	0	0	0	0	0	0
-0.241456548345773	2	0	0	0	0	0	0	2	0	0	2	2	0	0	0	0	0	1	0	0	0	2	1	1	0	0	0	0	0	0	0	1	0	1	1	1	1	NA	1	0	1	0	0	0	0	0	0	0	0	0	0	0
0.15735961388364	0	2	0	0	0	0	0	0	0	0	2	2	0	0	0	0	0	0	0	0	1	0	1	1	0	0	0	0	1	0	0	1	0	0	1	1	NA	2	0	0	2	0	0	0	0	0	0	0	0	0	0	0
-0.440320264877013	1	0	0	0	1	1	0	1	1	0	0	0	1	0	0	0	0	0	0	0	1	0	0	0	0	0	0	0	1	0	1	1	1	1	1	1	1	0	0	0	1	NA	0	0	0	0	0	0	0	0	0	0
-0.338745571792755	1	1	0	0	0	0	0	1	1	0	0	0	0	0	0	0	0	1	0	0	1	0	1	1	1	0	0	0	0	0	2	2	NA	0	0	0	2	0	2	2	0	1	0	0	0	0	0	0	0	0	0	0
-0.75247616791886	1	1	2	0	0	0	0	0	0	0	1	1	0	1	0	0	0	0	1	0	1	0	1	1	2	1	0	0	0	0	0	1	0	1	1	2	0	1	0	NA	0	2	2	0	2	2	2	2	2	2	2	2
-0.679631036467475	1	0	0	0	0	0	0	0	0	0	1	1	0	0	0	0	0	1	0	0	0	2	1	1	1	0	0	0	0	0	0	1	0	0	1	1	1	1	1	1	1	0	0	0	0	0	0	0	0	0	0	0
-0.248711338122096	1	0	2	1	0	0	1	1	1	0	0	0	0	0	0	0	NA	0	1	1	1	1	0	0	0	0	0	0	0	0	0	1	0	0	0	1	1	1	1	1	1	0	0	0	0	0	0	0	0	0	0	0
-0.219822524490939	1	1	0	0	0	0	0	1	1	0	2	2	1	0	0	1	0	0	0	0	0	1	1	1	0	0	0	0	1	0	0	0	0	0	0	0	2	0	1	1	1	1	0	0	0	0	0	0	0	0	0	0
0.904803342369567	0	1	2	0	0	0	0	1	1	0	0	0	1	1	0	0	0	0	0	0	1	2	0	0	0	0	0	0	0	0	0	1	0	0	1	1	1	1	1	1	1	1	0	0	0	0	0	0	0	0	0	0
-0.587456899799162	0	2	1	0	0	0	0	2	1	0	1	1	0	0	0	0	0	1	0	0	0	1	1	1	1	0	0	0	0	0	0	1	1	0	0	0	1	1	1	1	0	2	0	0	0	0	0	0	0	0	NA	NA
0.626557763683231	1	1	1	0	1	1	1	1	1	0	0	0	1	1	0	0	0	1	0	0	0	0	0	0	0	0	0	0	0	0	0	0	0	0	2	2	0	2	0	0	2	0	0	0	0	0	0	0	0	0	0	0
1.49088742932691	1	1	0	0	2	2	0	1	1	0	0	0	0	1	0	0	0	0	0	0	0	2	0	2	0	0	0	0	0	0	0	1	0	0	1	1	1	1	2	1	0	1	0	0	0	0	0	0	0	0	0	0
-0.0675004678264006	0	2	0	0	0	1	0	0	0	0	1	1	2	2	0	0	0	0	0	0	1	2	1	1	1	0	0	0	0	0	0	0	0	0	0	1	1	1	1	1	0	2	0	0	0	0	0	0	0	0	0	0
0.0434510541001662	2	0	0	0	0	0	1	1	1	0	1	1	0	1	0	0	0	0	0	0	1	1	0	0	1	0	0	0	0	0	0	0	0	0	1	1	1	1	1	1	1	1	0	0	0	0	0	0	0	0	0	0
-0.134069249159085	0	2	0	0	0	0	0	0	0	0	1	1	0	0	0	0	0	0	0	0	2	1	1	1	1	0	0	0	0	0	0	1	1	1	2	2	0	1	1	0	1	1	2	2	0	2	2	2	2	0	0	0
-0.2715285349747	0	0	1	1	0	0	1	1	1	0	1	1	0	1	0	0	0	1	0	0	1	0	0	0	0	1	1	0	1	0	0	1	0	0	1	1	1	1	1	1	1	0	0	0	0	0	0	0	0	0	0	0
0.532035298101109	1	0	0	0	0	1	0	2	2	0	1	1	0	1	0	0	0	0	0	0	0	1	0	0	0	1	0	0	0	0	0	0	0	0	1	1	1	1	1	1	1	1	0	0	0	0	0	0	0	0	0	0
0.360372005824588	0	0	0	0	NA	NA	0	1	1	0	0	0	0	2	1	0	0	1	0	0	1	1	0	0	0	1	0	0	0	0	0	2	0	0	0	1	1	1	0	0	2	0	0	0	0	0	0	0	0	0	0	0
-0.233800637578374	1	1	0	0	1	1	0	1	0	0	1	1	2	0	0	0	0	1	0	0	2	0	1	1	0	0	0	0	0	0	0	1	0	0	0	0	1	1	0	0	2	0	0	0	0	0	0	0	0	0	0	0
0.395167613386653	1	0	2	NA	0	0	0	1	1	1	1	1	0	0	0	0	0	0	NA	0	1	0	1	1	1	0	0	0	1	0	0	1	0	0	0	0	1	1	1	1	1	1	0	0	0	0	0	0	0	0	0	0
-0.266368668422844	0	2	NA	0	0	0	1	2	2	0	1	1	0	1	0	0	0	1	0	0	1	1	1	1	1	1	0	0	0	0	1	1	1	1	1	1	1	1	1	1	1	1	0	0	0	0	0	0	0	0	0	0
-0.0520773663812322	0	2	0	0	1	1	0	1	0	0	1	1	2	1	0	0	0	1	0	0	1	0	0	NA	0	0	1	0	1	0	0	0	0	0	2	2	0	2	1	1	1	1	0	0	0	0	0	0	2	2	2	0
-0.14303659220154	1	1	0	0	1	1	0	0	0	0	1	1	0	0	0	0	0	1	0	0	1	2	2	2	1	1	0	0	0	0	0	1	0	1	1	1	1	0	1	0	1	0	0	0	0	0	0	0	0	0	0	0
-0.418225494038832	2	0	0	0	1	1	1	1	1	0	0	0	0	1	0	1	NA	1	0	0	0	2	1	1	1	0	0	0	0	0	0	0	0	0	0	1	0	2	1	1	1	1	0	0	0	0	0	0	0	0	0	0
1.68902898892884	NA	1	0	0	1	1	0	0	0	0	1	1	1	2	0	0	0	0	0	0	1	0	1	1	1	0	1	1	1	1	0	0	0	0	1	1	1	1	1	1	1	1	0	0	0	0	0	0	0	0	0	0
-0.101091822785825	0	1	1	0	0	0	0	1	0	0	1	1	0	2	0	1	0	0	0	0	1	0	0	0	0	0	0	0	0	0	0	0	0	0	1	2	0	2	0	0	1	1	0	0	0	0	0	0	0	0	0	0
0.238672869505527	1	1	0	0	0	0	0	1	0	0	1	1	0	0	0	0	0	0	0	0	0	1	1	1	1	1	0	0	0	0	0	0	0	0	0	0	2	0	2	2	0	2	0	0	0	0	0	0	0	0	0	0
1.37362448923533	0	1	1	0	0	0	1	0	0	0	1	1	0	1	0	0	0	0	0	0	1	1	0	0	0	0	0	0	1	0	1	1	1	0	0	0	1	1	1	1	1	1	0	0	0	0	0	0	0	0	0	0
-0.110283992786773	0	2	1	0	1	1	1	2	2	0	0	0	0	1	0	0	0	0	0	0	0	1	0	0	0	0	0	0	0	0	1	2	1	0	2	2	0	2	0	0	2	0	0	0	0	0	0	0	0	0	0	0
0.467121842691035	1	1	0	0	0	0	1	1	1	0	0	0	0	1	0	0	0	0	0	0	1	0	0	1	0	0	0	0	0	0	1	1	1	0	2	2	0	2	0	0	2	0	0	0	0	0	0	0	0	0	0	0
-0.130803370023773	1	1	0	0	0	0	2	2	2	0	1	1	0	0	0	0	0	0	0	0	1	2	0	0	0	0	0	0	0	0	0	1	0	0	0	1	1	1	1	1	0	2	NA	0	0	0	0	0	0	0	0	0
-0.130384321777402	1	1	1	0	1	1	1	1	1	0	1	1	0	0	0	0	0	0	0	0	2	1	0	0	0	0	0	0	1	0	0	1	0	0	0	1	1	1	1	1	0	2	0	0	0	0	0	0	0	0	0	0
-0.16443436125527	1	0	1	0	0	0	0	1	1	0	0	0	0	0	0	0	0	1	1	1	1	0	0	0	0	0	0	0	0	0	0	1	0	1	1	1	1	0	2	1	0	1	2	0	2	2	0	2	2	2	2	0
1.79512083913128	0	2	0	0	0	0	1	1	1	0	0	0	1	0	1	0	0	1	0	0	0	0	0	0	0	0	0	0	1	0	1	1	1	0	0	0	2	0	2	2	0	2	0	0	0	NA	0	0	0	0	0	0
-0.273074244490224	2	0	0	0	0	0	0	2	1	0	1	0	1	0	0	0	0	0	0	0	1	1	0	0	0	0	0	0	0	0	0	1	0	0	1	1	1	1	1	1	1	1	0	0	0	0	0	0	0	0	0	0
-0.436742068178403	1	1	2	0	0	0	1	1	1	0	1	1	0	0	0	1	0	0	0	0	0	0	2	2	1	0	0	0	0	0	0	1	0	0	1	1	1	1	1	1	1	1	0	0	0	0	0	0	0	0	0	0
-0.252592261053416	0	2	0	0	0	0	2	2	2	0	0	0	1	0	0	0	0	1	0	0	2	2	1	2	1	0	1	1	1	1	0	2	0	2	2	2	0	0	2	0	0	0	0	0	0	0	0	0	0	0	0	0
-0.250822863522716	1	0	0	0	1	1	1	1	1	0	1	1	0	1	0	0	0	1	0	0	1	0	0	0	1	0	0	0	0	0	0	0	0	0	0	0	2	0	1	1	1	1	0	0	0	0	0	0	0	0	0	0
-0.22712001142798	1	1	0	0	0	0	0	1	NA	0	1	1	1	0	0	0	0	0	0	0	NA	0	0	0	NA	0	0	0	0	0	0	1	0	0	0	0	2	0	2	2	0	2	0	0	0	0	0	0	0	0	0	0
-0.335315424750426	1	0	0	0	1	1	0	2	1	0	0	0	1	1	1	0	0	1	0	0	2	2	1	1	1	0	0	0	0	0	1	2	1	0	2	2	0	2	0	0	2	0	0	0	0	0	0	0	0	0	0	0
-0.232686423525955	1	1	1	0	0	0	0	1	1	0	2	2	0	0	0	0	0	0	0	0	0	2	0	1	0	0	0	0	0	0	0	1	0	0	1	0	2	0	1	1	0	2	0	0	0	0	0	0	0	0	0	0
-0.525750205681924	1	1	0	0	1	1	1	1	1	0	1	1	2	0	0	0	0	0	0	0	1	0	0	0	0	0	0	0	0	0	0	0	0	0	0	0	2	0	2	2	0	2	0	0	0	0	0	0	0	0	0	0
-0.0742014711660238	1	1	1	0	1	1	1	2	1	0	0	0	0	0	0	0	0	0	0	0	1	1	0	1	0	0	0	0	0	0	1	1	1	0	0	1	1	1	1	1	1	1	0	0	0	0	0	0	0	0	0	0
-0.705062091525129	0	2	1	0	1	1	0	0	0	0	2	2	0	0	1	0	0	0	0	0	1	1	1	1	1	0	0	0	0	0	1	1	0	0	1	1	1	1	1	0	2	0	0	0	0	0	0	0	0	0	0	0
-0.216099502932807	1	1	1	0	1	1	0	0	0	0	1	1	1	0	0	1	0	1	0	0	1	1	0	1	0	1	0	0	1	0	0	1	0	0	0	1	1	1	1	1	0	2	0	0	0	0	0	0	0	0	0	0
-0.159229485736376	1	1	0	0	0	0	1	1	1	0	0	0	0	0	0	1	0	1	0	0	1	1	0	1	0	0	0	0	0	0	0	1	0	0	2	2	0	2	0	0	2	0	0	0	0	0	0	0	0	0	0	0
-0.0649922583656692	0	2	0	0	1	1	0	1	1	0	1	NA	0	1	0	0	0	1	1	0	1	1	0	0	0	0	1	1	1	1	0	1	0	0	2	2	0	2	0	0	2	0	0	0	0	0	0	0	0	0	0	0
0.0234561733472394	2	0	1	0	1	1	1	1	1	0	0	0	0	0	0	0	0	0	0	0	2	0	0	1	0	0	0	0	0	0	0	1	0	0	0	1	1	1	1	1	0	2	0	0	0	0	0	0	0	0	0	0
-0.0993984023586442	1	1	0	0	0	0	1	1	1	0	0	NA	0	0	0	0	0	1	0	0	0	0	0	0	0	0	0	0	0	0	0	2	0	0	0	0	2	0	1	1	1	1	0	0	0	0	0	0	0	0	0	0
0.0792603203909047	1	0	0	0	1	1	2	2	2	0	1	1	0	0	0	0	0	1	0	0	1	1	2	2	1	0	1	1	1	1	0	1	0	0	1	2	0	2	0	0	1	1	0	0	0	0	0	0	0	0	0	0
-0.291599653556287	1	1	0	0	0	0	0	0	0	0	1	1	0	1	0	0	0	0	1	0	2	1	1	1	1	0	0	0	0	0	0	0	0	0	0	1	1	1	0	0	1	1	0	0	0	0	0	0	0	0	0	0
-0.063428123022411	0	1	0	0	0	0	2	2	2	0	0	0	0	1	0	0	0	2	0	0	0	0	1	1	1	2	0	0	0	0	0	1	0	1	2	2	0	1	1	0	1	0	0	0	0	0	0	0	0	0	0	0
0.416652606214126	1	1	1	0	0	0	1	0	0	0	1	1	1	1	0	0	0	0	0	0	0	1	1	1	1	0	0	NA	0	0	0	0	0	0	2	0	1	1	1	NA	0	2	0	0	0	0	0	0	0	0	0	0
1.67520232773147	1	1	0	0	0	0	1	1	1	0	0	0	0	1	0	0	0	1	0	0	0	0	0	0	0	1	0	0	0	0	0	1	0	0	0	0	2	0	2	2	0	2	0	0	0	0	0	0	0	0	0	0
0.000881280848161796	0	0	0	0	0	0	0	0	0	0	0	0	1	0	0	0	0	0	0	0	1	0	0	0	0	0	0	0	1	0	1	1	1	0	0	0	2	0	0	0	2	0	0	0	0	0	0	0	0	0	0	0
0.0835813588328872	1	1	0	0	0	0	0	0	0	1	1	1	0	0	0	0	0	1	0	0	0	2	1	1	1	0	0	0	0	0	0	1	0	0	0	0	2	0	1	1	1	1	0	0	0	0	0	0	2	2	2	0
-0.187292617125633	2	0	NA	1	0	0	1	2	2	0	0	0	0	0	0	0	0	0	0	0	1	2	1	1	1	0	1	1	1	1	1	1	1	0	1	1	0	2	0	0	2	0	2	2	NA	2	2	2	2	2	NA	0
-0.293634773587525	1	1	0	0	0	0	2	2	2	0	0	0	1	0	0	0	0	1	0	0	1	1	0	0	0	1	0	0	0	0	0	0	0	0	1	1	1	1	0	0	2	0	0	0	0	0	0	0	0	0	0	0
-0.12323147400563	1	1	0	0	1	2	2	2	2	0	0	0	0	0	0	0	0	0	0	0	1	0	0	0	0	1	0	0	NA	0	0	0	0	0	2	2	0	2	1	1	1	1	0	0	0	0	0	0	0	0	0	0
-0.59930793504015	0	2	0	0	0	0	0	0	0	0	1	1	0	0	0	0	0	1	1	0	1	1	0	0	0	1	0	0	0	0	0	0	0	0	0	1	1	1	0	0	1	1	0	0	0	0	0	0	0	0	0	0
-0.0950107746194816	1	0	0	0	0	0	0	0	0	0	1	1	1	1	0	0	0	0	0	0	1	0	1	1	1	0	1	0	1	0	1	2	1	0	0	1	1	1	1	1	0	2	0	0	0	0	0	0	0	0	0	0
-0.247028927574387	0	2	1	0	0	0	1	1	1	0	1	1	0	0	0	1	0	0	0	0	1	1	0	0	0	0	1	0	1	0	0	0	0	0	0	0	2	0	1	0	1	0	0	0	0	0	0	0	0	0	0	0
0.136863711873452	0	1	1	0	1	1	0	2	2	0	0	0	0	1	0	1	1	1	0	0	2	1	0	0	0	0	0	0	0	0	1	2	1	0	0	0	2	0	0	0	2	0	0	0	0	0	0	0	0	0	0	0
1.7596378797162	1	1	1	0	0	0	0	0	0	1	0	0	0	1	0	0	0	0	0	0	2	1	1	NA	0	0	1	0	1	0	0	0	0	0	0	0	2	0	1	1	1	1	0	0	0	0	0	0	0	0	0	0
-0.670566539476372	NA	1	1	0	0	1	0	0	0	0	0	0	0	0	0	0	0	0	0	0	0	1	0	0	0	0	1	0	1	0	0	1	0	0	0	2	0	2	0	0	0	2	2	2	0	2	2	2	2	2	2	2
0.0512783365944816	1	1	0	0	0	0	2	1	1	1	2	1	1	0	0	0	0	1	0	0	1	1	1	1	0	0	0	0	1	0	0	1	0	2	2	2	0	NA	NA	0	1	0	0	0	0	0	0	0	0	0	0	0
-0.796868390783889	1	1	1	0	0	0	1	1	1	0	1	1	NA	1	0	0	0	0	0	0	NA	0	1	1	1	0	0	0	0	0	0	1	0	1	1	1	1	1	1	1	1	1	0	0	0	0	0	0	0	0	0	0
-0.268221726816167	0	2	NA	1	0	0	0	2	NA	0	0	0	1	0	0	0	0	0	0	0	1	1	1	1	0	0	0	0	0	0	1	2	1	0	1	2	0	2	0	0	1	1	0	0	0	0	0	0	0	0	0	0
-0.389387287058061	2	0	0	0	0	0	2	2	2	0	1	0	0	1	0	0	0	0	0	0	2	2	1	1	1	0	0	0	0	0	0	1	0	0	1	1	1	1	1	1	1	1	0	0	0	0	0	0	0	0	0	0
-0.0225839374928528	0	2	0	0	0	0	1	1	1	2	1	1	0	0	0	1	1	1	0	0	0	1	0	1	0	0	0	0	1	0	0	NA	0	0	1	0	2	0	2	NA	0	2	0	0	0	0	0	0	0	0	0	0
-0.531490130417488	1	1	0	0	0	0	0	0	0	0	0	0	0	1	0	1	0	0	0	0	2	1	0	0	0	0	0	0	0	0	0	0	0	0	0	0	2	0	1	1	1	1	0	0	0	0	0	0	0	0	0	0
-0.586127197445422	1	0	0	0	0	0	0	1	1	0	1	0	1	1	0	0	0	1	0	0	0	1	0	0	0	0	0	0	0	0	0	1	0	0	0	0	2	0	2	1	0	1	0	0	0	0	0	2	2	0	0	0
-0.221039507787619	0	2	1	0	0	0	0	0	0	1	0	0	0	0	0	0	0	0	0	0	1	2	0	1	1	0	0	0	0	0	0	1	0	0	0	0	0	2	0	0	1	1	0	0	0	0	0	0	0	0	0	0
-0.0580126996568111	1	1	0	0	0	0	2	2	2	0	0	0	0	1	0	0	1	1	0	0	1	0	2	2	1	0	1	1	1	1	1	1	1	0	1	2	0	2	0	0	1	1	0	0	0	0	0	0	0	0	0	0
-0.517810359651173	1	1	0	0	0	0	0	2	2	0	1	1	0	1	1	1	0	0	0	0	1	1	1	1	0	0	1	1	1	0	1	1	1	0	1	1	1	1	1	0	2	0	0	0	0	0	0	0	0	0	0	0
-0.429714704718379	1	1	1	0	1	1	1	0	0	0	1	1	0	0	0	0	0	0	1	0	1	1	0	0	0	1	1	1	1	1	0	1	0	0	NA	1	0	2	0	0	2	0	0	0	0	0	0	0	0	0	0	0
-0.101075953594661	1	1	1	0	1	1	0	1	1	0	1	1	0	0	0	0	0	0	0	0	1	1	1	1	0	0	0	0	0	0	1	1	1	0	0	0	0	2	0	0	2	0	0	0	0	0	0	0	0	0	0	0
-0.583817538565445	2	0	1	0	0	0	1	2	2	0	0	0	1	1	0	0	0	1	0	0	1	2	0	0	0	0	0	0	0	0	0	1	0	0	1	1	1	1	1	1	2	0	0	0	0	0	0	0	0	0	0	0
0.528396723964984	1	0	0	0	0	0	2	2	2	1	1	1	1	0	0	1	1	1	0	0	0	1	0	1	0	0	0	0	0	0	0	0	0	0	0	0	2	0	1	1	1	0	0	0	0	0	0	0	0	0	0	0
0.432788351403171	1	0	0	0	0	0	0	1	0	0	1	1	0	1	0	1	0	1	0	0	0	1	0	0	0	0	0	0	0	0	0	1	0	0	0	0	2	0	1	1	1	1	0	0	0	0	0	0	0	0	0	0
-0.0924414907904271	1	1	1	0	0	0	1	1	1	1	2	2	0	0	0	0	0	0	0	0	0	1	2	2	2	0	0	0	1	0	0	2	0	0	0	1	1	1	1	1	0	2	0	0	0	0	0	0	0	0	0	0
-0.470108178101218	2	0	1	0	0	0	0	1	1	0	0	0	1	1	0	1	1	0	0	0	1	2	0	0	0	0	0	0	0	0	0	1	0	0	1	1	1	1	1	1	2	0	0	0	0	0	0	0	0	0	0	0
-0.0996489751363193	0	1	0	0	1	1	0	1	1	0	0	0	0	0	0	1	0	1	0	0	1	1	0	0	0	0	0	0	0	0	1	2	NA	0	1	1	1	1	0	1	1	1	0	0	0	0	0	0	0	0	0	0
-0.0993056979130244	2	0	2	0	0	0	0	0	0	0	1	1	0	0	0	0	0	1	1	1	NA	1	0	0	0	0	1	1	1	1	0	0	0	0	1	1	1	1	1	1	1	1	2	0	2	2	2	2	2	2	2	0
-0.566160172199817	1	0	0	0	1	1	1	1	1	0	0	0	0	1	0	0	0	0	0	0	1	0	0	0	0	0	0	0	0	0	0	0	0	0	1	1	1	1	1	1	1	1	0	0	0	0	0	0	0	0	0	0
-0.455674060781399	1	1	1	1	0	0	1	1	1	0	0	0	0	1	0	0	0	0	0	0	0	0	0	0	0	0	0	0	0	0	0	2	0	0	1	1	1	1	1	1	1	0	2	0	0	0	0	0	0	0	0	0
-0.103338018532811	1	1	0	0	0	0	0	0	0	0	1	1	0	1	0	0	0	1	1	0	2	1	1	1	1	0	0	0	0	0	0	0	0	0	0	1	1	1	0	0	1	1	2	0	2	2	0	2	2	2	2	0
0.077102422845957	0	2	1	1	2	2	1	0	0	0	0	0	0	0	0	0	0	0	0	0	1	0	0	1	0	0	0	0	0	0	0	1	0	0	1	1	1	1	1	1	2	0	0	0	0	0	0	0	0	0	0	0
0.132785358398283	1	0	0	0	0	0	2	1	1	0	1	1	1	2	0	0	0	0	0	0	1	2	0	0	0	1	1	1	2	1	1	1	NA	NA	1	1	1	1	1	1	1	1	0	0	0	0	0	0	0	0	0	0
-0.405255747378205	2	0	0	0	0	2	0	1	1	0	0	0	0	0	0	0	0	0	0	0	0	0	0	0	0	0	0	0	0	0	0	1	0	0	0	0	2	0	2	2	0	2	0	0	0	0	0	0	0	0	0	0
-0.272944925276525	2	0	0	0	0	0	0	1	0	0	1	1	0	1	0	0	0	1	0	0	1	2	0	0	0	1	1	1	1	1	0	0	0	0	1	1	1	1	1	1	1	1	0	0	0	0	0	0	0	0	0	0
-0.0898724536178622	1	1	2	1	1	1	1	1	1	0	2	1	0	0	0	0	0	0	0	0	0	0	0	0	0	0	0	0	0	0	0	1	0	1	1	2	0	1	1	0	1	0	0	0	0	0	0	0	0	0	0	0
0.164020113575476	2	0	0	0	1	1	0	1	0	0	0	0	0	0	0	0	0	1	0	0	1	1	0	0	0	0	1	1	1	1	0	0	0	1	2	2	0	1	1	0	2	0	0	0	0	0	0	0	0	0	0	0
-0.0925299452781961	1	1	0	0	NA	0	1	1	1	0	0	0	0	1	0	0	0	0	0	0	0	0	1	1	0	0	0	0	1	0	0	1	0	0	0	0	2	0	1	1	1	1	2	2	NA	2	2	2	2	2	2	2
-0.0444790426386026	2	0	1	0	0	0	0	1	1	0	0	0	0	0	0	0	0	1	0	0	0	1	1	1	1	0	1	1	1	1	1	2	1	0	0	0	2	0	2	2	0	2	2	0	2	2	2	2	2	2	2	2
0.510021842293734	0	2	0	0	1	1	1	2	1	0	0	0	0	0	0	1	1	1	0	0	0	2	0	0	0	0	0	NA	0	0	0	1	0	0	2	2	0	2	0	0	2	0	0	0	0	0	0	0	0	0	0	0
-0.346799560587689	1	1	1	0	1	1	1	1	1	0	1	1	0	1	0	0	0	1	0	0	1	1	0	0	0	0	0	0	0	0	0	0	0	0	1	2	0	1	1	0	1	0	0	0	0	0	0	0	0	0	0	0
0.071974173060211	1	0	0	0	0	0	1	1	1	0	0	0	0	1	0	0	0	0	0	0	1	1	1	1	1	0	1	1	2	1	0	1	0	0	0	0	1	1	1	1	1	1	0	0	0	0	0	0	0	0	0	0
-0.335347131789128	1	1	0	0	0	0	1	1	1	0	1	1	1	1	0	0	0	0	0	0	1	1	2	2	1	0	0	0	0	0	0	1	0	0	1	1	1	1	1	1	1	1	2	0	0	0	0	0	0	0	0	0
1.25942015675801	1	1	0	0	1	2	0	1	1	1	0	0	0	1	0	1	0	0	0	0	1	2	0	0	0	0	2	2	2	0	0	0	0	0	1	1	1	1	2	2	0	1	0	0	0	0	0	0	0	0	0	0
0.30662193498225	1	1	0	0	0	0	1	1	1	0	0	0	1	0	1	1	1	0	0	0	2	0	0	0	0	0	0	0	0	0	0	1	0	0	2	2	0	2	1	1	1	1	0	0	0	0	0	0	0	0	0	0
-0.630499414069687	0	2	0	0	0	0	0	2	1	0	2	2	1	0	0	0	0	0	0	0	1	0	0	0	0	1	0	0	1	0	0	1	0	0	2	2	0	2	0	0	2	0	0	0	0	0	0	0	0	0	0	0
-0.288318081581251	1	1	0	0	1	1	0	0	0	0	0	0	0	0	0	0	0	1	0	0	2	0	0	0	0	1	1	1	1	1	0	1	0	0	1	1	1	1	1	1	1	1	0	0	0	0	0	0	0	0	0	0
0.467581696640789	2	0	1	0	2	2	0	0	0	0	1	1	0	1	0	0	0	1	0	0	2	2	0	0	0	0	0	0	0	0	0	0	0	0	2	2	0	2	0	0	2	0	0	0	0	0	0	0	0	0	0	0
1.27378554944533	0	2	0	0	1	1	0	1	1	0	0	0	0	1	0	0	0	1	0	0	1	2	0	0	0	0	0	NA	0	0	0	0	0	0	0	0	2	0	0	0	2	0	0	0	0	0	0	0	0	0	0	0
-0.0111410741569145	0	1	1	0	0	0	2	2	2	0	0	0	0	1	0	0	0	1	0	0	2	0	0	0	0	0	0	0	0	0	0	1	0	0	2	2	0	2	0	0	2	0	0	0	2	2	NA	2	2	2	2	0
-0.41819061414633	0	2	1	0	0	0	0	0	0	0	0	0	0	0	0	0	0	0	0	0	0	1	0	0	0	0	0	0	0	0	0	1	0	0	2	2	0	2	0	0	2	NA	2	0	0	0	0	0	0	0	0	0
0.360994785330302	0	1	0	0	1	1	0	1	0	0	0	NA	1	1	0	0	0	1	1	0	0	1	2	2	2	0	1	1	1	1	0	0	0	0	2	2	0	2	0	0	2	0	0	0	0	0	0	0	0	0	0	0
1.54226300243443	0	2	0	0	1	2	0	1	0	0	0	0	0	0	0	1	0	0	0	0	0	1	0	0	0	0	2	2	2	0	0	0	0	0	1	1	1	1	1	1	1	1	0	0	0	0	0	0	0	0	0	0
0.157397249088502	1	1	0	0	1	1	0	1	1	0	0	0	1	2	0	0	0	0	1	1	1	0	0	0	1	1	0	0	0	0	0	1	0	1	2	2	0	1	1	0	1	0	0	0	0	0	0	0	0	2	2	0
0.0758240659313765	0	1	0	0	0	0	1	2	1	0	1	0	0	1	0	0	0	0	0	0	0	1	1	1	1	0	1	1	1	0	0	0	0	0	0	0	2	0	2	1	0	1	0	0	0	0	0	0	0	0	0	0
-0.163302592835712	NA	1	0	0	0	0	1	1	1	0	1	0	0	0	0	0	0	0	0	0	0	0	0	2	0	0	0	0	0	0	0	0	0	0	1	1	1	1	1	1	1	1	0	0	0	0	0	0	0	0	0	0
0.0280689341655004	2	0	0	0	0	0	0	1	0	0	0	0	0	0	0	1	0	0	0	0	1	2	0	0	0	1	0	0	1	0	0	0	0	0	0	0	2	0	1	1	1	1	0	0	0	0	0	0	0	0	0	0
-0.0245065861892387	1	1	1	0	0	0	1	1	1	0	1	0	0	0	0	0	0	1	0	0	1	0	0	0	1	0	0	0	0	0	0	1	0	0	0	0	2	0	2	2	0	2	0	0	0	0	0	2	2	0	0	0
-0.258448439440337	0	0	0	0	0	0	0	0	0	0	1	1	0	0	0	0	0	0	0	0	1	2	1	1	1	0	0	0	0	0	0	2	0	0	0	0	2	0	2	2	0	2	2	0	2	2	0	2	2	2	2	0
0.0596961516544408	1	1	0	0	1	1	1	1	1	0	1	1	0	0	0	0	0	0	0	0	1	2	1	1	NA	1	0	0	0	0	0	0	0	0	2	2	0	2	0	0	2	0	0	0	0	0	0	0	0	0	0	0
-0.202435702573931	1	1	2	0	0	0	0	1	0	0	0	0	0	1	1	0	0	1	0	0	1	2	1	1	1	0	0	0	0	0	0	1	0	0	2	2	0	2	0	0	2	0	0	0	0	0	0	0	0	0	0	0
-0.332481720194316	1	0	0	0	1	1	0	1	1	0	0	0	0	0	0	0	0	0	0	0	NA	1	0	1	0	0	0	0	0	0	0	1	0	0	1	1	1	1	0	0	2	0	0	0	0	0	0	0	0	0	0	0
-0.43251761266086	1	1	0	0	1	2	1	2	2	0	1	1	0	0	0	0	0	0	0	0	0	0	0	0	0	0	0	0	0	0	0	0	0	0	1	1	1	1	1	NA	2	0	0	0	0	0	0	0	0	0	0	0
0.268449754716598	0	1	0	0	0	0	0	0	0	0	1	1	1	0	0	0	0	0	0	0	2	2	1	1	1	1	0	0	0	0	0	1	0	0	2	2	0	2	0	0	2	0	2	0	2	2	0	2	2	2	0	0
-0.00844574936727976	0	1	1	1	1	1	0	0	0	0	0	0	1	0	0	0	0	1	0	0	1	0	0	0	0	0	0	0	0	0	0	2	0	0	0	1	1	1	1	1	1	1	0	0	0	0	0	0	0	0	0	0
0.0369327118590521	1	1	1	0	0	0	1	2	2	0	1	1	0	1	0	0	0	1	0	0	1	2	0	0	0	1	0	0	0	0	1	2	NA	0	2	2	0	2	0	0	2	0	0	0	0	0	0	0	0	0	0	0
-0.0805329514953606	0	0	1	0	0	0	0	0	0	0	2	2	0	0	0	0	0	0	0	0	1	2	1	1	0	0	0	0	1	0	0	1	0	0	1	1	0	1	1	0	1	0	0	0	0	0	0	0	0	0	0	0
-0.467431292881376	2	0	1	0	0	0	0	0	0	0	0	0	0	2	0	0	0	0	1	0	1	1	1	1	1	0	0	0	0	0	0	0	0	1	2	2	0	1	1	NA	0	1	0	0	0	0	0	0	0	0	0	0
-0.353318155819642	0	1	0	0	0	0	1	1	1	0	1	1	0	0	0	0	0	0	0	0	0	2	1	1	1	0	0	0	1	0	0	0	0	0	0	1	1	1	1	1	0	2	2	0	2	2	2	2	2	2	2	2
0.0304932831233233	0	2	0	0	1	1	0	2	1	0	2	2	0	1	0	1	1	0	0	0	1	0	0	0	1	1	0	0	NA	NA	0	2	0	0	0	0	2	0	1	1	1	1	0	0	0	0	0	0	0	0	0	0
-0.783256955060891	0	2	1	0	0	0	0	0	0	0	1	1	0	1	0	0	0	0	0	0	1	1	0	1	0	0	0	0	0	0	0	1	0	0	1	1	1	1	1	1	1	1	0	0	0	0	0	0	0	0	0	0
-0.440727423634954	0	1	1	0	0	0	2	2	2	0	0	0	0	0	0	0	0	0	0	0	1	1	0	0	0	0	0	0	0	0	0	1	0	0	1	1	1	1	0	0	2	0	0	0	0	0	0	0	0	0	0	0
0.672442975431823	0	2	1	0	0	0	0	0	0	1	0	0	1	1	0	0	0	0	0	0	1	1	1	1	1	0	1	1	1	0	0	0	0	0	2	2	0	2	0	0	2	0	0	0	0	0	0	0	0	0	0	0
1.65370756947755	0	2	0	0	1	1	1	1	NA	0	1	1	2	0	0	0	0	1	0	0	1	0	0	0	0	0	0	0	0	0	0	1	0	0	0	0	2	0	2	2	0	2	0	0	0	0	0	0	0	0	0	0
-0.443745901984645	1	1	2	0	0	0	1	1	NA	0	1	1	1	1	0	0	0	0	0	0	1	1	1	1	1	0	0	0	1	0	0	1	0	0	1	2	0	2	0	0	2	0	NA	0	0	0	0	0	0	0	0	0
0.591853044658679	0	1	0	0	0	0	1	0	0	0	0	0	1	0	0	0	0	1	0	0	0	1	0	1	0	0	0	0	0	0	0	0	0	0	1	1	1	1	1	1	1	1	0	0	0	0	0	0	0	0	0	0
-0.506598693875623	0	1	1	0	0	0	2	2	2	0	0	0	0	1	1	1	1	0	0	0	1	1	0	0	0	0	0	0	0	0	0	0	0	0	1	1	1	1	0	0	2	0	2	0	2	2	2	2	2	2	NA	NA
-0.654130271758349	1	1	0	0	0	0	0	0	0	0	0	0	0	0	1	0	0	0	1	0	0	0	0	0	0	0	0	0	0	0	1	1	1	0	2	2	0	2	1	0	1	0	0	0	0	0	0	0	0	0	0	0
0.00063302256326208	0	2	0	0	0	0	0	0	0	0	2	2	1	0	0	1	0	1	0	0	0	2	1	1	1	0	0	0	0	0	0	0	0	0	2	2	0	2	0	0	2	0	0	0	0	0	0	0	2	2	2	0
0.89675266510801	2	0	2	0	0	1	0	2	1	1	1	1	0	1	0	2	0	0	0	0	2	2	0	0	0	0	1	1	1	0	0	0	0	0	0	0	2	0	2	2	0	NA	0	0	0	0	0	0	0	0	0	0
-0.263703495369382	0	1	0	0	0	0	0	0	0	0	0	0	2	0	0	0	0	0	0	0	0	1	0	0	0	0	0	0	0	0	0	1	0	0	1	1	0	2	0	0	2	0	0	0	0	0	0	0	0	0	0	0
0.840305944517987	0	2	0	0	1	1	1	2	2	0	1	1	1	1	0	0	0	1	0	0	1	0	0	0	0	0	0	0	0	0	0	0	0	0	0	2	0	2	0	0	1	1	0	0	0	0	0	0	0	0	0	0
-0.143230198247384	0	2	0	0	0	0	0	1	1	0	1	1	0	0	0	0	0	2	0	0	1	1	0	0	0	0	1	1	1	0	0	1	0	0	0	0	2	0	2	2	0	2	0	0	0	0	0	0	0	0	2	0
-0.0301653091334262	0	2	0	0	1	1	0	0	0	0	1	1	1	1	1	0	0	0	0	0	0	2	0	0	0	0	0	0	0	0	0	1	0	0	2	2	0	2	1	1	1	0	0	0	0	0	0	0	0	0	0	0
-0.130217332256928	2	0	0	0	1	1	0	0	0	0	0	0	0	1	0	0	0	1	0	0	1	1	0	0	0	0	0	0	0	0	2	2	1	0	1	1	1	1	0	0	2	0	0	0	0	0	0	0	0	0	0	0
-0.0404780450110107	1	1	0	0	0	1	0	0	0	0	1	1	0	1	0	0	0	0	0	0	2	0	0	1	0	0	0	0	0	0	0	1	0	1	2	2	0	1	1	0	1	0	0	0	0	0	0	0	0	0	NA	NA
-0.0615095291593418	1	1	0	0	0	0	0	0	0	0	1	1	0	0	0	0	0	0	0	0	2	2	0	0	0	0	0	0	0	0	0	1	0	0	1	1	1	1	NA	0	2	0	0	0	0	0	0	0	0	0	0	0
0.494869908077192	1	1	1	1	0	0	0	0	0	0	0	0	0	0	0	0	0	0	0	0	0	1	1	1	1	0	0	0	0	0	0	0	0	1	2	2	0	NA	NA	0	2	0	0	0	0	0	0	0	0	0	0	0
-0.281364354245972	1	0	2	0	0	0	0	1	1	0	0	0	0	1	0	0	0	0	1	1	1	1	0	0	0	0	0	0	0	0	1	NA	1	0	2	0	2	0	2	2	0	2	0	0	0	0	0	0	0	2	2	0
-0.123050773715708	2	0	0	0	0	0	0	0	0	0	0	0	0	1	0	0	0	0	0	0	1	2	1	1	1	0	0	0	1	0	0	1	0	0	2	2	0	2	0	0	2	0	0	0	0	0	0	0	0	0	0	0
-0.0288747781766943	1	1	0	0	0	0	1	2	2	0	0	0	0	0	0	0	0	0	0	0	0	0	0	0	0	0	0	0	0	0	0	1	0	0	1	1	1	1	1	1	1	1	2	0	2	2	2	2	2	2	2	2
-0.0193364196763684	1	1	0	0	0	0	2	2	2	0	0	0	0	1	0	1	1	0	0	0	1	1	1	1	1	1	0	0	0	0	1	1	1	1	2	2	0	2	2	1	0	0	0	0	0	0	0	0	0	0	0	0
0.125312906996038	1	1	0	0	1	1	0	1	1	0	0	0	1	1	0	1	1	0	0	0	1	2	1	2	2	1	0	0	0	0	0	0	0	0	2	2	0	2	0	0	2	0	0	0	0	0	0	0	0	0	0	0
-0.120188326629498	1	1	0	0	0	0	0	1	1	0	0	0	0	0	0	0	0	0	0	0	1	0	0	NA	0	1	0	0	0	0	1	1	1	0	2	2	0	2	0	0	2	0	0	0	0	0	0	0	0	0	0	0
-0.708409495896894	0	0	0	0	0	0	0	1	0	0	1	0	0	0	0	0	0	0	0	0	0	0	1	1	1	0	0	0	0	0	0	0	0	0	0	0	2	0	1	1	1	1	0	0	0	0	0	0	0	0	0	0
-0.284245410912953	1	1	0	0	0	0	1	1	1	0	0	0	1	1	0	0	0	1	0	0	0	1	1	1	1	1	1	1	1	0	0	0	0	0	0	1	1	1	1	1	0	2	0	0	0	0	0	0	0	0	0	0
0.0801448250928534	0	2	0	0	1	1	0	0	0	0	0	0	0	0	0	1	0	0	0	0	0	1	0	0	0	0	0	0	0	0	0	0	0	0	0	0	2	0	2	2	0	2	0	0	0	0	0	0	0	0	0	0
0.239554281754418	2	0	0	0	0	0	0	0	0	0	0	0	1	1	0	1	0	0	0	0	1	0	0	1	0	0	1	1	1	0	0	2	0	0	0	0	1	1	1	1	1	1	0	0	0	0	0	0	0	0	0	0
0.113367034429086	1	1	0	0	0	1	0	1	1	0	0	0	0	0	0	0	0	0	0	0	2	1	0	0	0	0	0	0	0	0	0	0	0	0	0	0	1	1	0	0	2	0	NA	0	0	0	0	0	0	0	0	0
0.0452596521113316	1	1	1	0	0	0	0	0	0	0	2	2	1	1	0	0	0	0	0	0	2	1	0	NA	0	0	0	0	0	0	0	1	0	0	0	0	2	0	2	2	0	1	0	0	0	0	0	0	0	0	0	0
-0.130256155885451	0	1	0	0	1	1	0	0	0	0	2	2	1	0	0	0	0	1	0	0	2	1	1	1	0	0	0	0	0	0	0	1	1	0	1	1	1	1	1	1	1	1	0	0	0	0	0	0	0	0	0	0
0.22416642621582	1	0	0	0	1	1	0	0	0	0	1	1	0	0	0	0	0	1	0	0	1	1	0	0	0	1	0	0	0	0	0	1	0	0	2	2	0	2	0	0	2	0	0	0	0	0	0	0	0	0	0	0
0.229233879627245	1	0	1	0	0	0	0	0	0	0	0	0	0	2	0	0	0	1	0	0	1	1	0	0	0	0	0	0	0	0	0	0	0	0	0	1	1	1	1	1	1	1	2	0	0	0	0	0	0	0	0	0
0.209138717789346	0	1	0	0	1	1	1	1	1	0	0	0	1	1	0	0	0	0	0	0	1	0	0	0	0	0	0	0	0	0	0	0	0	0	2	2	0	2	0	0	2	0	0	0	0	0	0	0	0	0	0	0
0.106137728788424	1	1	1	0	0	0	0	1	1	0	1	1	0	1	0	0	0	0	0	0	1	0	1	0	0	1	0	0	1	0	1	2	1	0	0	0	2	0	2	2	0	2	NA	0	0	0	0	0	0	0	0	0
-0.0216192582000034	1	0	0	0	1	1	0	0	0	0	1	1	0	0	0	0	0	0	1	0	2	1	0	0	0	0	0	0	0	0	0	1	0	0	1	1	0	2	0	0	2	NA	0	0	0	0	0	0	0	0	0	0
-0.247791687224092	0	1	1	0	0	0	1	1	1	0	0	0	1	0	0	0	0	1	NA	0	0	0	0	1	0	0	0	0	0	0	0	0	0	0	2	2	0	2	0	0	2	0	0	0	0	0	0	0	0	0	0	0
0.00824747063614256	2	0	1	0	0	1	1	1	1	0	1	1	1	2	0	0	0	0	0	0	1	1	0	0	0	0	0	0	1	0	0	1	0	0	0	0	2	0	2	2	0	2	0	0	0	0	0	0	0	0	0	0
0.976866865116326	1	1	0	0	0	0	0	0	0	0	0	0	0	1	1	0	0	0	0	0	1	0	0	0	0	0	1	1	1	0	0	1	0	0	2	2	0	2	2	2	0	2	0	0	0	0	0	0	0	0	0	0
0.183784388511118	1	1	0	0	0	0	0	1	1	0	1	1	0	1	1	1	1	0	0	0	2	1	0	0	0	0	1	1	1	1	0	1	0	1	1	1	1	NA	2	1	0	1	0	0	0	0	0	0	0	0	0	0
-0.285007992705457	0	1	1	0	1	1	0	1	0	0	1	1	0	1	0	0	0	0	0	0	0	0	1	1	1	0	0	0	0	0	0	1	0	0	0	0	2	0	2	2	0	2	0	0	0	0	0	0	0	0	0	0
-0.0435992563192978	2	0	0	0	0	1	1	0	0	0	1	1	0	2	0	0	0	0	0	0	0	2	0	0	0	0	0	0	1	0	0	1	0	0	0	0	2	0	1	1	1	1	0	0	0	0	0	0	0	0	0	0
-0.28063492433378	1	1	1	0	2	2	1	2	2	0	2	2	0	0	0	2	0	0	0	0	1	0	1	1	1	0	0	0	0	0	0	0	0	0	1	1	1	1	1	1	1	1	0	0	0	0	0	0	0	0	0	0
-0.0419101837464689	0	0	1	0	0	0	1	1	1	0	0	0	1	0	0	1	1	0	0	0	1	2	0	NA	0	0	0	0	0	0	0	0	0	0	0	0	2	0	2	2	0	2	0	0	0	0	0	0	0	0	0	0
-0.584065705305004	2	0	0	0	0	0	1	1	1	1	0	0	0	0	0	0	0	0	0	0	1	1	0	0	0	1	1	0	1	0	1	1	1	0	2	1	1	1	1	1	1	1	0	0	0	0	0	2	2	0	0	0
-0.114522270060667	0	1	0	0	0	0	0	1	1	0	1	1	0	0	0	0	0	1	0	0	0	1	0	NA	0	0	0	0	0	0	0	0	0	0	1	0	2	0	1	1	1	1	NA	0	0	0	0	0	0	0	0	0
-0.441837785714421	0	2	0	0	1	1	0	1	0	0	0	0	0	0	0	0	0	0	0	0	1	0	1	1	0	0	0	0	0	0	1	1	1	0	0	0	2	0	2	2	0	2	0	0	0	0	0	0	2	2	2	0
0.102976673304439	0	0	0	0	0	0	2	2	2	0	0	0	0	0	0	0	0	0	0	0	0	2	0	0	0	1	0	0	0	0	0	0	0	0	0	0	2	0	1	1	1	1	0	0	0	0	0	0	0	0	0	0
-0.462264587201608	1	1	1	0	0	0	1	1	1	0	0	0	1	0	0	0	0	0	0	0	1	2	0	0	0	0	0	0	1	0	0	1	0	0	1	1	0	2	0	0	2	NA	0	0	0	0	0	0	0	0	0	0
0.873460273202786	2	0	0	0	1	1	0	1	1	0	1	1	1	1	0	0	0	0	0	0	2	0	1	1	1	1	0	0	0	0	0	0	0	0	0	0	2	0	2	2	0	2	0	0	0	0	0	0	0	0	0	0
0.294197107143036	0	0	2	0	0	0	1	0	0	0	1	1	1	1	0	0	0	0	0	0	1	1	1	NA	1	1	0	0	0	0	0	1	0	0	0	0	2	0	2	2	0	2	0	0	0	0	0	0	0	0	0	0
-0.200306215351256	0	2	0	0	1	1	0	2	1	0	2	1	1	0	0	0	0	2	0	0	2	1	1	1	1	0	0	0	0	0	0	0	0	1	1	1	1	1	1	1	1	1	0	0	0	0	0	0	0	0	0	0
-0.0234256903985554	0	2	1	1	1	1	1	2	1	0	1	1	0	0	0	0	0	1	0	0	2	0	0	0	0	1	0	0	0	0	1	1	NA	0	1	1	1	1	1	1	1	1	2	0	2	2	0	2	2	2	2	0
-0.0748171728363093	1	0	0	0	0	0	0	1	0	0	2	1	0	0	0	1	0	0	NA	0	1	0	1	1	1	0	0	0	0	0	0	1	0	0	1	1	1	1	1	1	1	1	0	0	0	0	0	0	0	0	0	0
-0.129395790720164	0	1	2	1	0	0	1	2	2	0	1	0	0	1	0	0	0	0	0	0	0	1	0	0	0	0	0	0	1	0	0	1	0	0	0	0	2	0	1	1	1	1	2	0	2	2	2	2	2	2	NA	0
-0.19128026194612	0	1	0	0	1	1	1	1	1	0	1	1	0	0	0	0	0	0	0	0	2	0	0	0	0	0	0	0	0	0	0	0	0	1	1	1	1	0	2	1	0	1	0	0	0	0	0	0	0	0	0	0
0.261685695797064	1	1	0	0	0	0	0	0	0	0	1	0	0	1	1	1	1	0	1	0	0	2	0	0	0	0	1	1	1	1	0	1	1	0	2	2	0	2	0	0	2	0	0	0	0	0	0	0	0	0	0	0
-0.202683158419839	0	0	NA	0	1	1	1	1	1	0	2	2	0	0	0	1	1	0	0	0	1	1	1	1	1	0	1	1	1	NA	0	1	1	0	1	1	1	1	1	1	1	1	0	0	0	0	0	0	0	0	0	0
0.160961761098771	0	2	2	1	1	1	2	2	2	1	0	0	1	1	0	0	0	1	0	0	2	2	0	0	0	0	0	0	0	0	0	0	0	1	1	1	1	0	2	1	0	1	0	0	0	0	0	0	0	0	0	0
0.0735847837988691	2	0	0	0	0	0	0	2	1	0	0	0	0	0	0	0	0	1	0	0	1	1	0	1	0	0	0	0	0	0	0	1	0	1	2	2	0	1	1	0	1	1	0	0	0	0	0	0	0	0	0	0
0.171435334742241	1	1	1	0	0	0	0	0	0	0	0	0	1	0	0	0	0	1	0	0	0	0	1	1	1	0	0	0	0	0	0	0	0	0	1	1	1	1	0	0	2	0	0	0	0	0	0	0	0	0	0	0
0.0937170751819598	1	1	1	0	1	1	1	1	1	0	0	0	1	0	0	0	0	0	0	0	0	1	1	1	0	0	0	0	0	0	0	0	0	1	2	2	0	1	NA	0	1	1	0	0	0	0	0	0	0	0	0	0
0.0889293668514617	0	2	0	0	1	1	0	0	0	0	1	1	0	0	0	0	0	0	1	0	1	1	1	1	1	2	0	0	0	0	0	0	0	0	0	0	2	0	2	2	0	2	2	0	0	0	0	0	0	0	0	0
0.0444335149857808	1	0	1	0	0	0	0	2	2	0	1	1	1	1	0	0	0	1	0	0	0	0	0	0	0	1	0	0	0	0	0	1	0	0	1	1	1	1	0	0	2	0	0	0	0	0	0	0	0	0	0	0
1.52794516193373	1	1	0	0	1	1	0	1	0	0	0	0	1	0	0	0	0	0	0	0	0	1	0	0	0	1	0	0	0	0	0	1	0	1	2	2	0	1	1	0	1	0	0	0	0	0	0	0	0	0	0	0
-0.226335023465575	1	1	2	1	0	1	1	1	1	0	2	NA	0	2	0	0	0	1	0	0	2	1	0	1	0	0	0	0	0	0	0	0	0	0	2	2	0	2	0	0	2	0	2	2	0	2	2	2	2	0	0	0
0.217930106400999	0	2	1	1	0	0	0	1	0	0	0	0	0	0	0	1	1	0	0	0	1	1	1	1	1	0	0	0	0	0	0	0	0	0	1	2	0	1	1	0	1	0	0	0	0	0	0	0	0	0	0	0
-0.389632665419674	0	2	1	0	1	1	0	1	0	0	1	1	1	0	0	0	0	0	0	0	2	0	0	2	1	0	0	0	1	0	0	0	0	0	0	1	1	0	2	1	0	1	0	0	0	0	0	0	0	0	0	0
0.0388203021601915	0	1	2	1	0	0	1	2	2	0	1	0	0	0	0	0	0	0	0	0	0	0	0	0	0	0	0	0	0	0	0	0	0	0	0	0	2	0	1	1	1	1	2	0	2	2	2	2	2	2	NA	0
0.208363948853591	0	2	0	0	0	0	1	0	0	1	2	1	1	0	0	0	0	1	0	0	1	0	1	1	0	0	0	0	0	0	0	0	0	0	2	2	0	2	0	0	2	0	0	0	0	0	0	0	0	0	0	0
0.146704499506687	0	2	1	0	0	0	1	1	1	0	2	2	0	1	0	1	1	0	0	0	1	2	2	2	2	1	0	0	0	0	0	0	0	0	1	1	1	1	1	1	1	1	0	0	0	0	0	0	0	0	0	0
0.0585913735055655	2	NA	0	0	0	0	1	2	2	0	0	0	1	1	0	0	0	1	0	0	0	0	1	2	1	0	0	0	0	0	0	1	0	1	1	1	1	NA	NA	1	1	1	0	0	0	0	0	0	0	0	0	0
-0.107185188076201	2	0	0	0	0	0	1	1	1	0	0	0	2	0	1	1	1	0	0	0	2	0	0	0	0	0	0	0	0	0	0	2	0	0	1	1	1	1	2	2	0	2	0	0	0	0	0	0	0	0	0	0
-0.50981576123081	0	2	0	0	0	0	1	1	1	0	0	0	1	1	0	0	0	0	0	0	1	0	0	0	0	0	0	0	0	0	0	0	0	0	2	2	0	2	0	0	1	1	0	0	0	0	0	0	0	0	0	0
-0.0993307504447089	0	1	0	0	1	1	0	0	0	0	1	1	0	0	0	0	0	1	0	0	1	1	0	0	0	0	0	0	1	0	0	1	0	0	0	0	2	0	2	2	0	2	0	0	0	0	0	0	0	0	0	0
0.202375554480996	1	1	1	0	0	0	1	1	1	0	2	2	2	1	0	0	0	0	0	0	0	0	1	1	1	0	0	0	1	0	0	0	0	0	1	2	0	2	0	0	1	1	0	0	0	0	0	0	0	0	0	0
-0.0671149782651278	0	1	0	0	0	0	1	1	1	1	2	1	0	0	0	2	2	0	0	0	2	0	0	0	0	1	0	0	0	0	0	0	0	0	1	1	1	1	2	2	0	2	0	0	0	0	0	0	0	0	0	0
0.201953089401623	0	2	0	0	1	1	2	1	1	0	2	2	0	0	0	1	1	1	0	0	1	0	1	1	2	0	0	0	0	0	0	0	0	0	1	1	1	1	1	1	1	0	0	0	0	0	0	0	0	0	0	0
-0.270370322302447	1	1	0	0	0	0	0	0	0	0	1	1	0	1	0	0	0	2	1	1	1	1	0	0	0	0	0	0	1	0	0	0	0	0	1	1	1	1	1	1	1	1	0	0	0	0	0	0	0	0	0	0
-0.16946562441842	1	0	1	0	0	0	0	0	0	0	1	1	0	1	0	0	0	0	0	0	1	0	1	1	2	0	1	1	1	0	0	1	0	0	2	2	0	2	0	0	2	0	0	0	0	0	0	0	0	0	0	0
-0.875136453574845	0	1	0	0	1	1	0	2	1	0	0	NA	0	2	0	0	0	1	0	0	1	0	1	1	1	0	1	1	1	1	0	0	0	0	1	1	1	1	1	1	1	1	0	0	2	2	0	0	0	0	0	0
0.549380726762316	1	1	0	0	1	1	1	1	1	0	2	2	0	1	0	0	0	1	0	0	2	0	0	0	0	0	0	0	0	0	1	1	1	0	0	0	2	0	2	1	0	1	0	0	0	0	0	0	0	0	0	0
0.139362330006653	2	0	0	0	0	0	0	0	0	0	1	0	0	0	0	0	0	1	1	0	0	1	0	0	0	0	1	1	1	1	0	1	1	0	1	1	0	2	0	0	2	0	0	0	0	0	0	0	0	0	0	0
-0.0903167235604344	1	1	1	0	NA	1	0	1	1	0	0	0	0	0	0	0	0	0	0	0	2	1	1	1	1	0	0	0	1	0	0	1	0	0	1	1	1	1	0	0	2	0	0	0	0	0	0	0	0	0	0	0
-0.00109987935143534	1	1	0	0	0	0	0	1	1	0	0	0	0	1	0	0	0	0	0	0	NA	1	0	0	0	0	0	0	0	0	0	1	0	0	0	0	2	0	1	0	1	0	0	0	0	0	0	0	0	0	0	0
0.163244599622406	0	1	0	0	0	0	1	1	1	0	1	1	1	0	0	0	0	0	0	0	1	2	1	1	0	0	0	0	1	0	0	1	0	0	1	1	0	1	1	0	1	0	0	0	0	0	0	0	0	0	0	0
0.0353732012984309	0	2	0	0	0	0	0	1	1	0	1	0	0	0	0	1	0	0	0	0	0	1	0	0	0	0	0	0	0	0	0	0	0	0	1	1	1	1	0	0	2	0	0	0	0	0	0	0	0	0	0	0
0.0192921693259609	1	0	0	0	1	1	0	1	0	0	1	1	0	0	0	1	0	0	0	0	1	1	0	0	0	1	0	0	0	0	0	1	0	0	1	1	1	1	1	1	1	0	0	0	0	0	0	0	0	0	0	0
0.272847180404999	1	1	0	0	0	0	1	1	1	0	1	1	0	0	0	0	0	0	0	0	0	2	0	0	0	0	0	0	0	0	0	0	0	1	1	2	0	1	1	0	0	1	0	0	0	0	0	0	0	0	0	0
0.0169368962115114	1	0	1	0	0	0	0	1	1	0	2	2	0	1	0	0	0	2	0	0	1	0	2	2	1	0	0	0	0	0	0	0	0	0	1	1	1	1	0	0	2	0	0	0	0	0	0	0	0	0	0	0
-0.140296079190771	0	1	0	0	0	0	0	1	1	0	0	0	1	0	0	1	0	0	0	0	0	0	0	1	0	0	0	0	0	0	0	0	0	0	1	2	0	2	0	0	1	1	0	0	0	NA	0	0	0	0	0	0
0.260391487403279	0	1	2	0	0	0	1	1	1	0	0	0	0	0	0	0	0	0	0	0	1	1	0	0	0	0	0	0	1	0	0	0	0	0	1	1	1	1	1	1	1	1	0	0	0	0	0	0	0	0	0	0
0.895744553929152	1	1	0	0	1	1	0	0	0	0	0	0	1	1	0	1	0	1	0	0	1	2	0	0	0	0	0	0	0	0	0	2	0	0	0	0	2	0	2	2	0	2	0	0	0	0	0	0	0	0	0	0
0.000862555881242455	1	0	1	0	0	0	2	2	2	0	0	0	2	1	0	0	0	1	0	0	1	0	1	1	0	0	0	0	0	0	0	0	0	0	1	1	1	1	1	1	1	1	2	0	2	2	2	2	2	2	2	2
0.0866129753223642	1	1	0	0	0	0	1	1	1	0	2	1	0	1	0	1	1	0	0	0	2	0	1	1	1	0	0	0	1	0	0	0	0	0	1	1	1	1	1	1	1	0	0	0	0	0	0	0	0	0	0	0
-0.424299316877923	1	1	0	0	0	0	1	0	0	1	1	1	0	1	0	1	1	0	0	0	1	0	1	1	1	1	0	0	0	0	0	2	1	0	0	0	2	0	1	1	1	1	0	0	0	0	0	0	0	0	0	0
-0.120910342419668	0	2	1	0	1	1	1	2	1	0	1	1	0	0	0	0	0	1	0	0	2	1	0	0	0	1	0	0	0	0	0	0	0	0	1	1	1	1	1	1	1	1	2	0	2	2	0	2	2	2	2	0
1.57931118697317	0	0	0	0	1	1	0	1	1	0	0	0	0	0	0	0	0	0	0	0	0	1	0	0	0	0	0	0	0	0	0	1	0	0	2	2	0	2	0	0	2	0	0	0	0	0	0	0	0	0	0	0
-0.25868475102216	1	1	2	1	2	2	1	1	1	0	1	1	1	0	0	0	0	1	0	0	1	1	0	0	0	1	0	0	0	0	1	1	NA	0	1	1	1	1	1	1	1	1	0	0	0	0	0	0	0	0	0	0
0.188074921008286	0	1	1	0	1	1	0	0	0	0	0	0	0	1	0	0	0	0	0	0	1	0	0	0	0	0	0	0	0	0	0	2	0	0	1	1	1	1	0	0	1	1	0	0	0	0	0	0	0	0	0	0
-0.433357376085521	2	0	0	0	0	0	0	0	0	0	1	1	1	0	0	0	0	0	0	0	0	0	0	1	0	0	0	0	0	0	0	1	0	0	2	2	0	2	0	0	2	0	0	0	0	NA	0	0	0	0	0	0
-0.239819098255365	0	2	0	0	0	0	1	1	1	0	2	2	0	1	0	0	0	0	0	0	0	1	0	0	0	1	0	0	0	0	1	1	1	0	0	0	2	0	2	2	0	2	2	0	2	2	0	2	0	0	0	0
-0.298342584364271	1	1	0	0	0	0	0	0	0	1	1	1	0	1	0	0	0	0	NA	0	2	1	0	0	0	0	0	0	1	0	0	2	0	1	1	1	1	0	2	2	0	2	0	0	0	0	0	0	0	2	2	0
-0.30335459961363	1	1	1	0	0	0	0	1	1	0	1	1	0	0	0	0	0	0	1	0	1	0	1	1	0	0	0	0	2	0	0	0	0	0	1	1	1	1	1	1	1	1	0	0	0	0	0	0	0	0	0	0
0.726925970606439	0	1	1	0	0	0	0	1	1	0	1	0	0	0	0	0	0	1	0	0	1	1	1	1	1	0	0	0	0	0	0	1	0	0	NA	2	0	2	0	0	2	0	0	0	0	0	0	0	0	0	0	0
0.0486131989618837	2	0	1	0	0	0	0	1	1	0	0	0	0	1	0	0	0	1	0	0	1	1	0	0	0	0	0	0	0	0	0	1	0	0	0	0	2	0	2	1	0	1	0	0	0	0	0	0	0	0	0	0
0.695981603516889	1	0	1	0	0	0	0	0	0	0	1	1	1	1	0	0	0	1	0	0	1	2	1	1	0	1	1	0	2	0	0	0	0	0	1	1	1	1	1	1	1	1	0	0	0	0	0	0	0	0	0	0
-0.365133685721536	2	0	0	0	0	0	1	1	1	0	0	0	0	0	0	0	0	0	0	0	1	1	0	NA	0	1	0	0	0	0	0	0	0	0	0	0	2	0	2	2	0	2	0	0	0	0	0	0	0	0	0	0
-0.897951932196586	1	0	NA	0	0	0	1	1	1	0	1	1	0	0	0	0	0	0	0	0	1	0	1	1	1	0	0	0	0	0	0	0	0	0	1	1	1	1	0	0	2	0	0	0	0	0	0	0	0	0	0	0
1.65227802751467	1	1	0	0	1	1	0	1	1	0	0	0	0	0	0	1	1	0	0	0	1	1	1	1	1	0	0	0	1	0	0	0	0	NA	1	1	1	0	1	1	1	1	0	0	0	0	0	0	0	0	0	0
0.00372269524142681	NA	1	0	0	1	0	1	2	1	0	1	1	0	1	0	0	0	0	0	0	1	2	0	1	1	0	0	0	1	0	0	1	0	0	1	2	0	2	0	0	1	1	0	0	0	0	0	0	0	0	0	0
-0.278372419752155	0	2	0	0	0	0	1	1	1	0	1	1	0	0	0	0	0	0	0	0	1	1	2	2	1	1	0	0	0	0	0	0	0	0	1	1	1	1	1	1	1	1	0	0	0	0	0	0	0	0	0	0
0.513778156786901	0	2	0	0	1	1	0	1	1	0	0	0	1	0	0	0	0	0	0	0	0	1	0	0	0	1	0	0	0	0	0	0	0	0	1	1	1	1	1	1	1	1	0	0	0	0	0	0	0	0	0	0
-0.213717734685364	1	1	1	0	0	0	1	1	1	0	1	1	0	0	0	0	0	1	0	0	2	1	1	1	1	0	1	1	1	0	0	0	0	0	2	2	0	2	0	0	2	0	2	2	NA	2	2	2	2	2	2	2
-0.210402142906925	1	0	0	0	1	1	0	0	0	1	0	0	0	0	1	0	0	0	0	0	1	2	0	0	0	1	0	0	0	0	0	1	0	0	1	1	1	1	1	1	1	1	2	0	0	0	0	0	0	0	2	2
-0.404096027600321	1	1	0	0	1	0	0	1	1	0	0	0	1	0	0	0	0	0	0	0	0	0	1	1	1	0	0	0	1	0	1	1	1	0	0	0	2	0	1	1	1	1	0	0	0	0	0	0	0	0	0	0
0.0370350895371752	1	0	1	0	0	0	1	1	1	0	0	0	0	2	0	0	0	0	0	0	0	1	0	0	0	0	0	0	0	0	0	0	0	0	0	0	2	0	1	0	1	0	2	0	2	2	2	2	2	2	0	0
0.60029194748104	1	1	1	1	0	0	0	1	1	0	0	0	0	1	0	0	0	1	0	0	0	0	1	1	1	1	0	0	0	0	0	0	0	0	1	2	0	2	0	0	1	1	0	0	0	0	0	0	0	0	0	0
-0.141818238879467	1	1	1	0	0	0	0	1	1	0	1	1	0	0	0	0	0	1	0	0	1	0	1	1	1	0	0	0	0	0	0	0	0	0	0	0	1	1	2	2	0	1	0	0	0	0	0	0	2	2	2	0
-0.222132041362396	2	0	0	0	0	0	2	2	2	1	0	0	1	1	0	0	0	1	0	0	0	2	0	0	0	0	0	0	0	0	1	1	1	0	2	2	0	2	0	0	2	0	0	0	0	0	0	0	0	0	0	0
-0.0814328186585009	0	2	1	0	0	0	0	1	1	0	2	1	0	1	0	1	1	0	0	0	0	1	1	2	0	0	0	0	0	0	0	1	0	0	2	2	0	2	1	1	1	1	0	0	0	0	0	0	0	0	0	0
-0.0670921421135169	0	1	1	0	0	0	0	1	1	0	1	1	0	0	0	0	0	0	0	0	1	1	1	1	1	0	1	1	1	0	0	0	0	0	1	1	1	1	1	1	1	1	0	0	0	0	0	0	0	0	0	0
-0.264910217240183	0	1	0	0	1	1	1	1	1	0	1	0	1	1	0	1	NA	0	0	0	1	1	0	0	0	0	0	0	0	0	0	0	0	0	0	0	2	0	1	1	1	0	0	0	0	0	0	0	0	0	0	0
1.59819495128345	1	1	0	0	0	0	0	0	0	1	1	1	1	1	1	0	0	1	0	0	1	0	1	1	1	1	0	0	0	0	0	2	0	0	1	1	1	1	1	1	1	1	0	0	0	0	0	0	0	0	0	0
-1.44075998131108	2	0	1	0	0	0	0	2	2	0	2	2	0	0	0	0	0	1	1	1	2	1	0	1	1	0	0	0	0	0	0	0	0	0	0	0	1	1	1	1	1	NA	2	0	2	2	0	0	0	0	0	0
0.282958923054512	1	0	0	0	1	2	0	0	0	0	1	1	0	1	0	1	1	0	0	0	1	1	0	NA	0	1	0	0	0	0	0	0	0	0	0	0	1	1	1	1	2	0	0	0	0	0	0	0	2	2	2	0
-0.227117070853766	1	1	0	0	0	0	1	2	2	0	0	0	0	0	0	0	0	0	0	0	2	0	2	2	1	0	0	0	1	0	0	1	0	2	2	2	0	NA	1	0	1	0	0	0	0	0	0	0	0	0	0	0
-0.250349624675464	0	2	0	0	0	0	0	0	0	0	1	1	0	1	1	0	0	1	0	0	1	1	0	0	0	0	0	0	0	0	0	2	0	0	1	1	1	1	0	0	2	0	0	0	0	0	0	0	2	2	2	0
-0.240183099366071	1	1	0	0	0	0	0	0	0	0	0	0	0	1	0	0	0	0	0	0	1	1	1	1	1	0	0	0	0	0	0	1	0	0	1	1	1	1	1	1	1	1	0	0	0	0	0	0	0	0	0	0
-0.2732385063849	1	0	0	0	1	1	1	1	1	1	1	1	1	0	0	1	0	0	0	0	1	1	0	0	0	0	0	0	0	0	0	0	0	0	2	2	0	NA	NA	0	1	0	0	0	0	0	0	0	0	0	0	0
-0.21731071316225	0	2	0	0	0	0	2	2	2	0	2	1	1	0	0	1	0	0	0	0	1	1	1	1	0	0	0	0	0	0	1	2	NA	0	1	1	1	1	0	0	2	0	0	0	0	0	0	0	0	0	0	0
-0.0742155028730254	0	1	0	0	0	0	1	2	2	0	2	2	1	1	0	1	0	0	0	0	0	1	0	0	0	1	1	1	1	1	0	1	0	0	NA	0	2	0	2	2	0	2	0	0	0	0	0	0	0	0	0	0
0.0820777562483797	1	1	0	0	0	0	1	2	1	0	0	0	1	0	0	1	1	0	0	0	0	0	NA	0	0	0	1	1	1	1	0	0	0	0	0	0	2	0	1	1	1	1	0	0	0	0	0	0	0	0	0	0
0.0147472749923167	2	0	1	0	0	0	1	1	1	0	1	0	0	0	0	2	NA	0	0	0	2	1	0	0	0	1	0	0	0	0	0	0	0	0	0	0	2	0	2	2	0	2	0	0	0	0	0	0	0	0	0	0
-0.201971342987504	0	2	0	0	0	0	1	2	1	0	0	0	1	1	0	1	1	0	0	0	2	1	0	0	0	1	0	0	1	0	0	0	0	0	1	1	1	1	2	2	0	1	0	0	0	0	0	0	0	0	0	0
-0.38375672520665	0	2	1	0	0	0	2	2	2	0	1	1	0	0	0	0	0	0	0	0	0	0	0	0	0	0	0	0	1	0	0	1	0	0	0	0	2	0	1	1	1	1	2	0	2	2	2	2	2	2	NA	0
0.0673073619383281	0	1	0	0	0	0	0	0	0	0	1	1	0	0	0	1	0	0	0	0	0	2	0	0	0	0	0	0	0	0	0	0	0	0	1	1	1	1	1	1	1	1	2	0	0	0	0	0	0	0	0	0
0.580853903319862	1	1	1	0	2	2	1	0	0	0	0	0	1	0	0	1	1	0	0	0	1	1	0	0	0	0	0	0	0	0	0	0	0	0	1	1	1	1	1	1	1	1	0	0	0	0	0	0	0	0	0	0
-0.140466222560467	0	2	2	1	0	0	1	2	2	0	1	1	0	1	0	0	0	0	0	0	1	0	0	0	0	0	0	0	0	0	0	1	0	0	0	0	2	0	1	1	1	1	0	0	0	0	0	0	0	0	0	0
-0.0204783003217758	1	1	0	0	0	0	1	1	1	0	1	0	0	0	0	0	0	0	0	0	1	0	0	0	0	0	0	0	2	0	0	0	0	0	1	1	1	1	1	1	1	0	0	0	0	0	0	0	0	0	0	0
0.682846569795909	2	0	2	0	0	0	0	1	1	1	1	1	0	1	0	0	0	0	0	0	1	0	0	0	0	0	0	0	0	0	0	0	0	0	1	1	1	1	0	0	2	0	0	0	0	0	0	0	0	0	0	0
-0.456660304193605	0	2	0	0	0	0	0	0	0	0	0	0	0	1	0	0	0	0	0	0	1	1	1	1	1	0	0	0	0	0	0	0	0	1	2	2	0	NA	NA	0	2	0	0	0	0	0	0	0	0	0	0	0
-0.323541758347723	0	1	1	0	0	0	0	1	1	0	0	0	0	0	0	0	0	0	0	0	1	1	0	0	0	1	0	0	0	0	0	0	0	1	2	2	0	NA	NA	0	2	0	0	0	0	0	0	0	2	2	2	0
-0.0578691985776985	0	2	1	0	0	0	1	1	1	0	0	0	0	0	0	0	0	1	0	0	1	1	1	1	2	0	0	0	0	0	0	1	0	0	0	1	1	1	1	1	0	NA	0	0	0	0	0	0	0	0	0	0
-0.0821660250757734	0	1	1	0	0	0	2	2	2	0	2	2	0	0	0	0	0	0	0	0	0	1	0	0	0	1	0	0	1	0	0	2	0	0	1	1	1	1	0	0	2	0	0	0	0	0	0	0	2	2	2	0
1.52098814829055	1	1	0	0	0	0	1	2	1	0	2	2	1	1	0	1	1	2	0	0	0	1	0	0	0	0	0	0	0	0	0	0	0	0	1	1	1	1	1	1	1	1	0	0	0	0	0	0	0	0	0	0
-0.472613250673337	0	2	1	0	0	0	0	0	0	0	0	0	2	0	0	0	0	0	0	0	0	1	1	1	0	0	0	0	0	0	0	2	0	0	1	1	0	2	0	NA	1	1	0	0	0	0	0	0	0	0	0	0
-0.349663651307804	0	2	0	0	0	1	2	2	2	0	1	0	0	0	0	1	0	0	0	0	0	0	0	0	0	0	0	0	0	0	1	2	NA	0	1	0	2	0	2	2	0	1	0	0	0	0	0	0	0	0	0	0
-0.204429860622169	1	0	0	0	0	0	1	2	2	0	1	0	0	1	0	0	0	1	0	0	1	1	1	1	1	NA	0	0	0	0	0	1	0	0	0	0	2	0	2	1	1	1	0	0	0	0	0	0	0	0	0	0
0.606034039761876	0	1	2	0	0	0	1	0	0	0	1	1	1	1	0	1	0	1	0	0	1	0	0	0	0	0	0	0	0	0	0	1	0	0	0	0	2	0	2	2	0	2	0	0	0	0	0	0	0	0	0	0
-1.16693931435789	0	2	1	0	0	0	1	1	1	0	1	1	1	0	0	0	0	1	0	0	1	1	1	2	1	0	0	0	0	0	0	1	0	0	0	0	1	1	1	1	1	1	0	0	0	0	0	0	2	2	2	0
-0.126178206320054	1	0	1	0	0	0	2	2	2	0	0	0	2	1	0	0	0	0	0	0	2	0	1	1	0	0	0	0	0	0	0	0	0	0	1	1	1	1	1	1	1	1	0	0	0	0	0	0	0	0	0	0
0.695300105338879	0	2	1	0	0	0	0	1	NA	0	1	1	0	1	0	0	0	1	0	0	1	0	0	0	0	0	0	0	0	0	0	1	0	0	0	0	2	0	2	2	0	2	0	0	0	0	0	0	0	0	0	0
-0.341786193552407	1	1	0	0	1	1	1	1	1	0	1	1	0	0	0	1	1	0	0	0	1	2	0	0	1	0	0	NA	0	0	0	0	0	0	1	1	1	1	1	1	1	1	0	0	0	0	0	0	0	0	0	0
-0.354839214128021	0	2	1	0	0	0	0	2	1	0	1	1	0	1	0	0	0	0	0	0	NA	0	1	1	1	0	0	0	0	0	0	1	0	0	0	0	1	1	0	0	2	0	0	0	0	0	0	0	0	0	0	0
0.0523636870418462	0	2	0	0	0	0	1	0	0	0	0	0	1	0	0	0	0	1	0	0	0	2	1	1	1	0	0	0	0	0	NA	2	2	0	1	1	1	1	1	1	1	1	2	0	2	2	0	2	2	2	2	0
0.0285749266858517	1	1	1	0	1	1	0	1	1	0	0	0	0	0	0	0	0	0	0	0	1	1	1	1	1	0	0	0	0	0	0	2	0	0	0	1	0	2	0	0	2	0	0	0	0	0	0	0	0	0	0	0
0.00819970087496878	1	0	1	0	0	0	2	2	2	0	1	1	1	1	0	0	0	0	0	0	0	0	0	0	0	0	0	0	0	0	0	1	0	1	1	1	1	1	1	1	1	1	0	0	0	0	0	0	0	0	0	0
0.898539178000277	1	1	1	0	0	0	0	1	1	0	1	1	0	1	0	0	0	0	0	0	1	1	0	0	0	0	0	0	1	0	0	1	0	0	0	0	2	0	1	1	1	1	0	0	0	0	0	0	0	0	0	0
-0.106229976242137	0	2	1	0	0	0	1	1	1	0	0	0	0	0	0	0	0	0	0	0	0	2	2	2	2	1	0	0	0	0	0	0	0	0	2	1	1	1	1	1	1	1	0	0	0	0	0	0	0	0	0	0
0.0285917791832011	0	2	1	0	0	0	1	2	2	0	1	0	0	0	0	0	0	0	0	0	0	1	0	0	0	0	1	1	1	0	1	1	1	0	1	0	1	1	1	1	1	1	0	0	0	0	0	0	0	2	2	0
0.041890109854762	1	0	0	0	0	0	0	2	0	0	0	0	NA	1	0	0	0	0	0	0	0	2	0	0	0	0	2	2	2	1	0	1	0	0	0	0	2	0	1	1	2	0	0	0	0	0	0	0	0	0	0	0
-0.695118612148775	1	1	1	0	1	2	1	1	1	1	0	0	1	1	0	0	0	0	0	0	1	1	1	2	1	1	0	0	0	0	0	0	0	0	2	2	0	2	1	1	1	0	0	0	0	NA	0	0	0	0	0	0
0.0476553900317089	0	2	0	0	0	0	1	1	1	0	0	0	0	1	0	1	1	0	0	0	1	0	0	0	0	0	0	0	0	0	0	1	0	0	0	0	2	0	1	1	1	1	0	0	0	0	0	0	0	0	0	0
0.0470209949482173	2	0	0	0	0	0	0	0	0	0	0	0	0	0	0	0	0	0	0	0	0	0	0	0	0	0	0	0	0	0	0	0	0	2	2	1	1	0	2	1	0	1	2	0	2	2	0	0	0	0	0	0
-0.155863486952421	1	1	0	0	0	0	0	0	0	0	1	1	0	1	0	1	1	0	0	0	1	1	1	1	2	0	0	0	0	0	0	1	0	0	1	1	1	1	1	1	1	1	0	0	0	0	0	0	0	0	0	0
-0.307692702756139	1	1	0	0	1	1	1	1	1	0	0	0	0	0	0	1	1	0	0	0	2	1	2	2	2	0	0	0	NA	0	0	1	0	0	1	1	1	1	1	1	1	1	2	0	0	0	0	0	0	0	NA	NA
-1.16328423957319	2	0	1	0	0	0	1	2	1	0	0	0	0	0	0	1	1	1	0	0	2	0	0	0	0	0	0	0	0	0	0	1	0	0	1	2	0	2	0	NA	1	1	0	0	0	0	0	0	0	0	0	0
0.0683348207430195	0	0	1	0	0	0	0	1	1	0	2	1	1	0	0	0	0	0	0	0	2	1	0	0	0	0	1	0	1	0	0	1	0	0	0	0	2	0	1	1	1	1	0	0	0	0	0	0	0	0	0	0
2.00350120664572	0	2	0	0	1	1	0	1	1	0	1	1	1	1	0	0	0	1	0	0	0	1	0	0	0	0	0	0	0	0	0	0	0	0	0	0	2	0	2	2	0	1	0	0	0	0	0	0	0	0	0	0
-0.0768862698515488	1	1	0	0	1	1	0	0	0	0	0	0	0	0	0	0	0	1	0	0	1	1	0	0	0	0	0	0	0	0	0	0	0	0	1	1	1	1	1	1	1	1	0	0	0	0	0	0	0	0	0	0
-0.388735959196041	0	1	0	0	0	0	0	0	0	0	2	2	1	1	0	1	0	0	0	0	0	1	0	0	0	0	0	0	2	0	0	2	0	0	1	0	2	0	0	0	2	0	0	0	0	0	0	0	0	0	0	0
-0.315621878838849	2	0	1	0	1	1	0	1	0	0	0	0	1	2	0	0	0	0	0	0	0	2	1	1	1	0	0	0	1	0	0	1	0	1	2	2	0	1	1	0	1	0	0	0	0	NA	0	0	0	0	0	0
-0.103717099384867	1	1	0	0	0	0	1	1	1	0	0	0	2	2	0	0	0	1	0	0	1	0	1	1	1	0	0	0	0	0	0	2	0	0	1	2	0	2	0	0	1	1	0	0	0	0	0	0	0	0	0	0
-0.154803445032986	2	0	0	0	0	0	1	0	0	0	1	0	1	1	0	0	0	0	0	0	1	0	1	2	0	0	0	0	0	0	0	1	0	0	0	0	2	0	2	2	0	2	0	0	0	0	0	0	0	0	0	0
-0.142577921208956	0	2	1	0	0	0	1	2	2	0	0	0	0	0	0	0	0	0	0	0	1	2	1	1	1	1	0	0	1	0	0	0	0	1	NA	0	2	0	2	2	0	2	2	0	0	0	0	0	0	0	0	0
-0.181308921591369	0	2	0	0	0	0	1	1	1	0	0	0	1	1	0	1	1	0	0	0	2	2	0	1	1	0	0	0	1	0	0	1	0	0	2	2	0	2	1	1	1	0	0	0	0	0	0	0	0	0	0	0
0.11417747346615	0	2	0	0	1	1	0	0	0	0	0	0	0	1	0	0	0	0	0	0	0	1	1	1	1	0	0	0	0	0	0	0	0	0	0	1	1	0	2	1	0	NA	NA	0	0	0	0	0	0	0	0	0
-0.138354676220166	0	2	0	0	0	0	2	1	1	0	2	2	0	0	0	0	0	0	0	0	0	1	0	0	0	0	0	0	0	0	1	2	1	0	1	1	1	1	1	1	1	1	0	0	0	0	0	0	0	0	0	0
-0.356637650658363	1	1	0	0	1	1	0	0	0	1	1	1	1	0	0	0	0	0	0	0	0	2	0	0	0	0	0	0	0	0	0	1	0	0	0	0	2	0	2	2	0	2	0	0	0	0	0	0	0	0	0	0
0.223561448587838	1	1	0	0	1	1	1	1	1	0	0	0	0	0	0	0	0	0	NA	0	1	2	2	2	2	0	0	0	0	0	0	2	0	0	1	1	1	1	1	1	1	1	0	0	0	0	0	0	0	0	0	0
-0.208105218900976	2	0	1	0	0	0	2	2	2	0	1	1	0	0	0	0	0	0	0	0	2	2	0	1	0	0	0	0	1	0	0	0	0	0	1	1	1	1	1	1	1	0	0	0	0	0	0	0	0	0	0	0
0.766512659106535	1	1	0	0	1	1	2	2	2	2	0	0	1	0	0	0	0	0	0	0	1	0	0	0	0	0	0	0	0	0	1	1	1	0	0	0	2	0	2	2	0	2	0	0	0	0	0	0	0	0	0	0
-0.101764123349163	1	1	0	0	0	0	0	1	1	0	0	0	0	1	0	1	1	0	0	0	0	1	1	2	1	0	0	0	0	0	0	0	0	0	1	1	1	1	1	1	1	1	0	0	0	0	0	0	0	0	0	0
0.0123972463002569	0	2	0	0	0	0	1	1	1	0	0	0	0	1	0	0	0	1	0	0	1	1	0	NA	0	0	0	0	0	0	0	0	0	0	0	0	2	0	1	1	1	1	0	0	0	0	0	0	0	0	0	0
0.0940983895863137	0	1	1	0	0	0	1	1	1	0	0	0	1	0	0	2	NA	0	0	0	1	0	1	1	1	0	0	0	0	0	0	0	0	0	1	1	1	1	1	1	1	1	0	0	0	0	0	0	0	0	0	0
0.263990009343574	0	NA	0	0	0	0	0	1	0	0	2	2	0	0	0	0	0	1	1	0	0	1	1	1	0	1	0	0	0	0	0	2	0	0	0	1	1	1	1	1	1	1	0	0	0	NA	0	0	0	0	0	0
0.498489160233133	0	2	0	0	2	2	0	1	1	0	1	0	1	0	0	0	0	1	0	0	2	1	1	2	1	0	0	0	0	0	NA	1	1	0	0	0	2	0	2	2	0	2	0	0	0	0	0	0	0	0	0	0
-0.405054994148738	1	0	0	0	0	0	0	1	1	0	1	1	0	0	0	0	0	0	0	0	2	0	0	0	0	0	0	0	0	0	0	1	0	1	1	1	1	0	2	1	0	1	0	0	0	0	0	0	0	0	0	0
0.16039141444969	2	0	0	0	2	2	0	1	1	0	1	1	1	0	0	0	0	0	0	0	1	1	0	0	1	1	1	1	2	1	0	1	0	1	2	2	0	NA	NA	0	2	0	0	0	0	0	0	0	0	0	0	0
-0.137681867106729	0	2	0	0	1	1	1	1	1	0	0	0	0	1	0	0	0	2	0	0	1	0	0	0	0	0	0	0	0	0	0	0	0	0	0	0	2	0	2	2	0	2	0	0	0	0	0	0	0	0	0	0
0.807269332668376	1	0	0	0	0	0	2	2	2	0	1	1	1	0	0	0	0	1	0	0	0	1	0	0	0	0	1	1	1	1	0	0	0	0	1	0	2	0	1	1	1	0	0	0	0	0	0	0	0	0	0	0
-0.21942264321941	0	1	0	0	1	1	0	1	1	0	1	0	1	1	0	0	0	0	1	0	1	0	0	0	0	0	0	0	0	0	1	2	0	0	1	1	1	1	1	1	1	1	0	0	0	0	0	0	0	0	0	0
-0.320595065629567	1	1	0	0	0	0	1	1	1	0	0	0	1	1	0	2	1	0	0	0	0	0	0	0	0	0	0	0	0	0	0	1	0	0	2	2	0	2	0	0	2	0	2	0	2	2	0	2	0	0	0	0
-0.336641015924059	1	0	0	0	0	0	2	1	1	0	0	0	0	1	0	0	0	1	0	0	0	0	0	0	0	0	0	0	2	0	0	1	0	0	1	1	1	1	1	1	1	1	0	0	0	0	0	0	0	0	0	0
0.226403478011523	0	1	0	0	0	0	0	2	1	0	1	1	0	1	0	0	1	0	0	0	0	1	0	0	0	0	0	0	1	0	0	0	0	0	0	0	1	1	1	1	1	1	0	0	0	0	0	0	0	0	0	0
0.277126169458733	2	0	0	0	1	1	1	1	1	0	0	0	0	0	0	1	1	1	0	0	1	0	0	1	0	0	0	0	1	0	0	0	0	0	1	1	1	1	1	1	1	1	0	0	0	0	0	0	0	0	0	0
-0.423233883157723	2	0	1	0	0	0	0	0	0	0	1	1	0	1	0	0	0	1	0	0	0	0	1	1	1	0	0	0	1	0	2	2	1	0	1	1	1	1	0	0	2	0	0	0	0	0	0	0	0	0	0	0
0.1961527570595	1	0	0	0	1	1	0	1	0	0	1	1	0	2	0	0	0	0	0	0	0	1	0	0	1	0	0	0	0	0	0	0	0	0	2	2	0	2	0	0	2	0	0	0	0	0	0	0	0	0	0	0
0.00478972194213247	0	1	0	0	0	0	0	1	1	0	2	2	0	0	0	0	0	1	0	0	0	2	0	0	0	0	1	0	1	0	1	1	1	0	1	1	1	0	2	1	0	1	0	0	0	0	0	0	0	0	0	0
-0.0476383209627582	1	0	0	0	0	0	1	1	1	0	0	0	0	0	0	0	0	1	0	0	2	1	1	1	1	0	1	1	1	1	0	1	0	0	1	2	0	2	0	NA	1	1	0	0	0	0	0	0	0	0	0	0
-0.105848461013745	0	2	0	0	0	0	1	1	1	1	1	1	1	1	1	0	0	0	0	0	1	0	0	0	0	0	0	0	0	0	0	0	0	0	2	2	0	2	0	0	2	0	0	0	0	0	0	0	0	0	0	0
-0.0401942806280236	0	2	0	0	0	0	1	2	2	0	0	0	1	0	0	0	0	0	0	0	1	0	0	0	0	0	0	0	0	0	0	1	0	0	0	0	2	0	2	NA	0	2	0	0	0	0	0	0	0	0	0	0
-0.356458784198596	1	0	0	0	1	1	0	0	0	0	0	0	0	0	0	0	0	1	0	0	1	1	2	2	1	0	0	0	NA	0	1	1	1	0	1	1	1	1	1	1	1	1	0	0	0	0	0	0	0	0	0	0
-0.243084414737145	1	1	0	0	0	0	1	1	1	0	2	NA	0	2	0	0	0	0	NA	0	1	0	0	0	0	1	0	0	0	0	0	2	0	1	2	2	0	1	1	1	1	1	0	0	0	0	0	0	0	0	0	0
0.0777327889656247	0	2	1	0	0	0	1	1	1	0	0	0	0	1	1	0	0	1	0	0	1	1	0	0	0	0	1	0	2	0	0	1	1	0	2	2	0	2	0	0	1	1	NA	0	0	0	0	0	0	0	0	0
-0.728693826938667	1	1	0	0	0	0	2	2	2	0	1	1	1	1	0	0	0	0	0	0	0	1	0	1	0	0	0	0	0	0	NA	1	NA	0	1	1	1	1	1	1	1	1	0	0	0	0	0	0	0	0	0	0
0.927002252048059	0	2	0	0	0	0	0	0	0	0	0	0	0	0	0	1	1	0	0	0	1	0	0	0	0	1	0	0	1	0	0	0	0	0	0	0	2	0	2	2	0	2	2	0	0	0	0	0	0	0	0	0
-0.255271503919671	0	1	1	0	0	0	1	1	1	0	0	0	1	1	0	0	0	1	0	0	0	1	0	0	0	0	0	0	0	0	0	0	0	0	1	1	1	1	1	1	1	1	0	0	0	0	0	0	0	0	0	0
-0.174915772999301	0	2	0	0	1	1	1	1	1	0	0	0	0	0	0	0	0	0	0	0	2	2	0	1	0	1	0	0	0	0	0	1	0	0	1	1	1	1	0	0	2	0	0	0	0	0	0	0	0	0	0	0
-0.946150719946445	2	0	1	0	0	0	1	0	NA	0	1	1	0	0	0	0	0	1	1	0	1	0	0	0	0	0	0	0	0	0	0	0	0	1	2	2	0	1	1	0	1	0	0	0	0	0	0	0	0	0	0	0
-0.392006103966366	1	1	0	0	0	0	0	1	1	0	0	0	0	0	0	1	0	1	0	0	1	1	2	2	2	0	0	0	0	0	0	1	0	1	1	1	1	0	2	1	0	1	0	0	0	0	0	0	0	0	0	0
-0.105657112782709	1	1	0	0	1	1	1	1	1	0	1	1	0	2	0	0	0	1	0	0	2	2	1	1	1	0	0	0	1	0	0	0	0	0	0	0	2	0	1	1	1	1	0	0	0	0	0	0	0	0	0	0
0.0127967625252699	0	2	1	0	0	0	1	1	1	0	1	1	1	0	0	0	0	0	0	0	0	0	0	0	0	0	0	0	1	0	0	1	0	0	0	0	2	0	2	2	0	2	0	0	0	0	0	0	0	0	0	0
0.607016837794301	0	1	0	0	0	0	1	1	1	0	0	0	0	1	0	1	0	1	0	0	1	1	0	0	0	0	0	0	0	0	0	1	0	0	0	1	1	1	1	1	1	1	0	0	0	0	0	0	0	0	0	0
1.5400330871854	1	0	0	0	1	1	1	1	1	1	0	0	1	1	1	0	0	1	0	0	1	2	0	0	0	0	0	0	0	0	0	0	0	0	1	1	NA	2	0	0	2	0	0	0	0	0	0	0	0	0	0	0
-0.714417921093243	2	0	0	0	1	0	2	2	2	0	0	0	0	1	0	0	0	0	0	0	0	2	1	2	1	0	0	0	0	0	0	1	0	0	1	1	0	2	0	0	2	0	0	0	0	0	0	0	0	0	0	0
-1.23848204017036	1	0	0	0	0	0	1	1	1	0	0	0	0	1	0	1	1	1	1	1	2	1	0	1	0	0	0	0	0	0	0	2	0	0	2	2	0	2	0	0	2	0	2	NA	2	2	2	2	0	0	0	0
-0.139240288848396	0	2	0	0	0	0	1	1	1	0	0	0	0	0	0	1	0	0	0	0	0	1	0	0	0	0	0	0	0	0	0	1	0	1	1	1	1	1	1	0	1	0	0	0	0	0	0	2	NA	2	0	0
0.590986087232055	1	0	1	0	1	2	0	0	0	0	0	0	0	0	0	0	0	1	0	0	1	2	0	0	0	1	0	0	0	0	0	0	0	0	2	2	0	2	0	0	2	NA	0	0	0	0	0	0	0	0	0	0
-0.356284965537038	2	0	0	0	1	1	1	1	1	0	0	0	1	2	0	0	0	0	0	0	0	1	0	0	0	0	0	0	1	0	0	1	0	1	2	2	0	1	1	0	1	0	0	0	0	0	0	0	0	0	0	0
-0.0397138419028378	1	0	1	1	0	0	0	0	0	0	1	1	0	1	0	0	0	0	0	0	1	1	0	0	1	0	0	0	0	0	0	1	0	0	1	1	1	1	0	0	2	0	0	0	0	0	0	0	0	0	0	0
-0.547445227592276	0	2	0	0	0	0	0	0	0	0	0	0	0	1	0	1	1	0	0	0	0	1	1	1	1	0	0	0	0	0	0	0	0	0	1	1	1	1	1	1	1	1	0	0	0	0	0	0	0	0	0	0
1.7872767235659	1	1	0	0	0	0	0	1	NA	0	0	0	1	1	1	1	1	0	0	0	1	0	0	0	0	0	1	1	2	0	0	0	0	0	1	1	1	1	1	1	1	1	0	0	0	0	0	0	0	0	0	0
-0.119940901486258	1	1	1	0	0	0	0	0	0	1	2	1	0	1	0	0	0	0	0	0	0	1	0	0	0	0	0	0	2	0	0	1	0	0	0	1	1	1	1	1	0	2	NA	0	0	0	0	0	0	0	0	0
0.162718694028898	1	0	0	0	0	0	0	1	1	0	0	0	0	0	0	1	1	0	0	0	0	2	0	0	0	1	0	NA	0	0	0	0	0	0	0	0	1	1	2	2	0	2	NA	0	0	0	0	0	0	0	0	0
1.72901848746467	0	2	1	0	0	0	1	0	0	0	2	2	1	0	0	0	0	2	0	0	0	0	0	1	0	0	0	0	0	0	0	1	0	0	0	0	2	0	2	2	0	2	0	0	0	0	0	0	0	0	0	0
-0.193114039582379	1	1	1	0	1	1	1	2	2	0	1	1	0	0	0	0	0	0	0	0	1	1	0	0	0	0	0	0	0	0	0	1	0	0	0	0	2	0	2	2	0	2	0	0	0	0	0	0	0	0	0	0
-0.407386853219396	0	2	0	0	0	0	2	2	2	0	1	0	0	1	0	0	0	0	0	0	1	1	1	2	1	0	0	0	0	0	0	2	0	1	2	2	0	1	1	0	1	0	0	0	0	0	0	0	0	0	0	0
-0.0928405965535895	0	2	1	0	0	0	2	2	2	0	1	1	0	1	0	0	0	0	0	0	1	0	1	1	1	0	0	0	0	0	0	1	0	0	0	0	2	0	2	NA	0	2	0	0	0	0	0	0	0	0	0	0
-0.174381318423806	0	1	2	0	0	0	1	1	1	0	1	1	1	0	0	0	0	1	0	0	0	0	0	0	0	0	0	0	1	0	0	1	0	0	2	2	0	2	0	0	2	1	0	0	0	0	0	0	0	0	0	0
-0.284355900284866	2	0	1	0	1	1	0	0	0	0	2	1	0	1	0	0	0	0	0	0	1	2	1	1	1	0	0	0	0	0	0	0	0	0	0	1	1	1	1	1	0	1	0	0	0	0	0	0	0	0	0	0
0.0516451434669735	0	2	0	0	1	1	1	1	1	0	1	1	0	0	0	0	0	0	0	0	0	1	1	1	0	1	1	1	1	1	0	1	0	0	0	0	2	0	2	2	0	2	2	NA	2	2	NA	2	2	2	NA	0
0.130172369088463	0	2	1	0	1	1	0	1	1	0	1	1	0	0	0	0	0	0	0	0	0	0	1	1	1	2	0	0	0	0	0	1	NA	0	1	1	1	1	1	1	1	1	0	0	0	0	0	0	0	0	0	0
0.0527746372245648	0	2	1	0	0	0	1	1	1	0	0	0	1	0	0	0	0	1	0	0	0	1	0	0	0	0	0	0	0	0	0	1	0	2	2	2	0	0	2	0	0	0	0	0	0	0	0	0	0	0	0	0
-0.449053804666923	1	1	0	0	1	1	1	1	1	1	1	1	1	0	1	0	0	0	0	0	2	2	NA	0	0	0	0	0	0	0	1	1	1	0	0	0	2	0	2	NA	1	1	0	0	0	0	0	0	0	0	0	0
-0.39070255820497	1	0	0	0	0	0	1	1	1	0	2	NA	0	2	0	0	0	0	0	0	1	0	0	0	0	0	0	0	0	0	0	1	0	1	2	2	0	1	1	1	1	1	0	0	0	0	0	0	0	0	0	0
-0.279683567902833	0	1	0	0	0	0	2	1	1	0	1	1	2	1	0	0	0	0	0	0	2	2	0	0	0	0	0	0	0	0	0	0	0	0	0	0	1	1	1	1	1	1	0	0	0	0	0	0	0	0	0	0
-0.0303822184584725	1	0	0	0	1	1	1	1	1	0	0	0	0	1	0	0	0	0	0	0	0	0	2	2	2	0	0	0	0	0	1	1	1	0	1	1	1	1	1	1	1	1	0	0	0	0	0	0	0	0	0	0
0.480777964777167	2	0	2	0	0	0	1	1	1	0	0	0	1	0	0	1	0	1	0	0	0	2	0	1	0	1	0	0	NA	0	0	0	0	0	1	1	1	1	0	0	2	0	NA	0	0	0	0	0	0	0	0	0
0.526978741548983	1	1	1	0	1	2	1	2	2	0	0	0	0	0	0	0	0	0	0	0	0	1	0	0	0	0	0	0	1	0	0	1	0	0	1	2	0	2	0	NA	0	2	0	0	0	0	0	0	0	0	0	0
-0.143518157851472	0	2	0	0	0	0	0	0	0	0	0	0	1	0	1	1	1	1	0	0	0	1	0	1	0	1	0	0	0	0	1	2	0	0	0	0	2	0	1	1	1	1	0	0	0	0	0	0	0	2	NA	NA
-0.371214189361897	1	0	0	0	0	0	1	1	1	0	0	0	0	2	0	0	0	1	0	0	1	0	0	0	0	0	0	0	0	0	0	1	0	0	0	1	1	1	1	1	1	1	0	0	0	0	0	0	0	0	0	0
-0.174824297765004	1	1	1	0	0	0	1	2	2	0	1	1	0	0	0	0	0	0	0	0	1	1	1	1	1	0	0	0	0	0	0	0	0	0	1	1	1	1	1	1	1	1	0	0	0	0	0	0	0	0	0	0
0.0517394875857665	0	2	1	0	0	0	0	0	0	0	1	0	1	0	0	0	0	1	0	0	1	0	0	0	1	0	1	1	2	0	0	1	0	0	1	1	0	2	0	0	2	NA	0	0	0	0	0	0	0	0	0	0
-0.269795981363639	1	1	1	1	0	0	1	1	1	0	0	0	0	1	0	0	0	1	1	0	0	0	1	1	1	0	1	1	1	0	0	0	0	0	1	1	1	1	1	1	1	1	0	0	0	0	0	0	0	0	0	0
-0.231747511410615	2	0	0	0	0	0	2	2	2	0	1	0	0	0	0	1	NA	1	0	0	0	0	0	1	0	0	0	0	0	0	0	0	0	0	0	0	0	2	0	0	2	0	2	2	0	2	2	2	2	2	2	2
1.35123157625605	0	1	0	0	2	2	0	1	1	1	0	0	0	0	0	1	0	0	0	0	0	0	0	0	0	0	0	0	1	0	0	1	0	0	0	0	2	0	2	2	0	1	0	0	0	0	0	0	0	0	0	0
0.826090648596694	1	1	1	NA	0	0	1	1	1	0	0	0	0	0	0	1	0	2	0	0	0	1	0	0	0	0	1	1	1	0	0	1	0	0	0	0	1	1	1	1	1	NA	0	0	0	0	0	0	0	0	0	0
-0.26412069336931	0	1	0	0	0	0	1	0	0	0	1	1	0	0	0	0	0	0	0	0	1	2	0	0	1	0	0	0	1	0	0	0	0	0	0	0	1	1	0	0	2	0	0	0	0	0	0	0	0	0	0	0
-0.722642263315859	0	2	0	0	0	0	0	1	1	0	1	1	0	0	0	0	0	0	0	0	1	2	1	1	1	1	0	0	0	0	0	0	0	1	1	1	1	1	1	1	1	1	0	0	0	0	0	0	0	0	0	0
0.178565965045301	1	0	0	0	1	1	0	2	1	0	0	0	0	0	0	0	0	0	NA	0	1	0	0	1	0	0	0	0	0	0	0	0	0	0	1	1	1	1	1	1	1	1	0	0	0	0	0	0	0	0	0	0
-0.207396712849186	1	1	2	0	0	0	1	1	1	0	1	1	0	0	0	0	0	1	0	0	1	1	0	0	0	0	0	0	0	0	0	1	0	0	1	2	0	2	0	0	2	0	0	0	0	0	0	0	0	0	0	0
-0.336295815130111	0	2	0	0	0	0	0	0	0	0	1	1	0	1	0	0	0	1	0	0	0	0	0	0	0	0	0	0	0	0	0	2	0	0	0	0	2	0	2	2	0	2	0	0	0	0	0	0	0	0	0	0
1.4910133137932	0	2	0	0	1	1	1	0	0	0	0	0	0	0	0	0	0	1	0	0	0	1	1	1	1	0	0	0	0	0	0	0	0	0	0	1	1	1	1	1	0	2	0	0	0	0	0	0	0	0	0	0
0.143654196691234	0	2	1	0	0	0	1	1	1	0	0	0	0	0	0	0	0	0	0	0	1	1	0	1	0	0	0	0	1	0	0	1	0	0	1	1	1	2	0	0	2	0	0	0	0	0	0	0	0	0	0	0
0.173643382644801	0	1	0	0	0	0	0	0	0	0	0	0	0	0	0	0	0	0	0	0	0	0	0	0	0	0	0	0	0	0	0	0	0	0	0	0	2	0	2	2	0	2	0	0	0	0	0	0	0	0	0	0
-0.724194347686393	0	1	1	0	0	0	1	1	1	0	1	1	1	0	0	0	0	0	1	1	0	1	1	2	1	0	1	0	1	0	0	1	0	0	1	1	1	1	1	1	1	0	0	0	0	0	0	0	0	0	0	0
-0.0320353808133545	2	0	0	0	0	0	1	1	1	0	0	0	1	1	0	1	0	0	0	0	1	0	0	0	0	0	0	0	0	0	0	1	0	0	0	0	2	0	2	2	0	2	0	0	0	0	0	0	0	0	0	0
-0.0952776898325337	0	2	0	0	1	1	1	1	0	0	1	1	1	1	1	0	0	1	0	0	1	1	0	0	1	0	0	0	0	0	0	0	0	2	2	2	0	1	1	0	1	0	0	0	0	0	0	0	0	0	0	0
-0.416965844070958	0	2	1	0	0	0	0	1	1	0	1	1	0	0	0	0	0	1	0	0	0	1	1	1	0	0	0	0	0	0	0	0	0	0	1	1	1	1	1	1	1	1	2	2	NA	2	2	2	2	2	2	2
-0.250980415957423	0	1	0	0	0	0	2	1	1	1	0	0	1	1	0	0	0	0	0	0	1	1	1	1	1	0	0	0	0	0	NA	1	1	0	0	0	2	0	2	2	0	2	0	0	0	0	0	0	0	0	0	0
-0.0689728402688969	1	1	0	0	0	0	1	1	1	0	0	0	1	1	0	0	0	0	0	0	2	2	1	1	1	0	0	0	0	0	0	2	0	0	1	1	1	1	1	1	1	1	0	0	0	0	0	0	0	0	0	0
-0.257640007156232	2	0	0	0	1	1	2	2	2	0	1	1	0	0	0	0	0	1	0	0	2	1	0	0	0	0	1	0	1	0	0	1	0	0	1	1	1	1	1	1	0	1	0	0	0	0	0	0	0	0	0	0
0.112290340949789	1	1	0	0	1	1	0	0	0	0	2	1	0	0	0	0	0	1	0	0	0	1	0	0	0	0	0	0	0	0	2	2	NA	0	2	2	0	2	0	0	1	1	0	0	0	0	0	0	0	0	0	0
-0.0965938472462856	0	1	0	0	0	0	0	1	1	0	2	0	0	1	0	0	0	0	0	0	1	0	0	1	0	0	0	0	0	0	0	0	0	0	0	0	1	1	1	1	1	1	0	0	0	0	0	0	0	0	0	0
0.203042503913196	1	0	2	0	0	0	0	1	0	0	0	0	0	2	0	1	1	0	0	0	2	0	0	0	0	0	0	0	0	0	0	1	0	0	0	0	1	1	1	1	1	1	0	0	0	0	0	0	0	0	0	0
0.0369542152232032	1	1	2	0	0	0	0	1	1	0	1	1	0	0	0	0	0	0	0	0	1	2	2	2	1	0	0	0	0	0	0	1	0	1	1	1	1	0	2	1	0	0	0	0	0	0	0	0	0	0	0	0
0.00350799650031261	1	1	0	0	1	1	0	1	0	0	2	2	0	1	0	0	0	0	0	0	2	0	0	0	1	0	0	0	0	0	0	0	0	0	2	NA	0	2	0	0	2	0	0	0	0	0	0	0	0	0	0	0
0.721469122652111	2	0	0	0	1	1	0	0	0	1	1	0	0	0	0	1	1	0	0	0	1	1	1	1	1	0	0	0	0	0	0	1	0	0	1	1	1	1	1	1	1	1	0	0	0	0	0	0	0	0	0	0
-0.277217650633443	2	0	0	0	1	1	1	1	1	0	0	0	0	0	0	0	0	0	0	0	1	0	1	1	1	0	0	0	0	0	0	1	0	0	1	0	2	0	2	2	0	2	NA	0	0	0	0	0	0	0	0	0
-0.213327645356845	1	1	1	0	0	0	0	1	1	0	1	1	0	1	0	0	0	0	0	0	1	0	1	NA	1	0	0	0	0	0	0	0	0	0	2	2	0	2	0	0	2	0	0	0	0	0	0	0	0	0	0	0
-0.33879311452922	0	2	0	0	0	1	1	1	1	1	0	0	0	0	0	0	0	0	0	0	0	1	1	1	1	0	0	0	0	0	0	0	0	0	0	0	2	0	1	1	1	1	0	0	0	0	0	0	0	0	0	0
0.763163560589013	1	1	1	0	1	1	1	2	2	0	0	0	0	0	0	0	0	0	0	0	1	1	0	0	0	0	0	0	0	0	0	0	0	1	1	1	1	0	2	1	0	0	0	0	0	0	0	0	0	0	0	0
-0.327935171387364	1	1	0	0	0	0	0	1	0	0	0	0	0	1	0	0	0	1	0	0	0	2	0	0	0	0	0	0	1	0	0	0	0	1	1	1	1	1	1	1	1	NA	NA	0	0	0	0	0	0	0	0	0
0.524871338802718	0	2	0	0	1	1	0	0	0	0	0	0	0	0	0	0	0	1	0	0	2	1	0	NA	0	0	0	0	0	0	0	0	0	0	0	0	2	0	1	1	1	1	0	0	0	0	0	0	0	0	0	0
-1.02563080620491	0	2	0	0	0	0	1	1	1	0	1	1	0	1	0	1	1	1	0	0	1	1	1	2	2	0	0	0	1	0	0	0	0	1	1	1	0	1	1	0	1	0	0	0	0	0	0	0	0	0	0	0
-0.163680194602934	1	NA	0	0	0	0	0	0	0	0	2	2	1	2	0	0	0	1	0	0	0	1	0	0	0	0	0	0	0	0	0	2	0	0	0	0	2	0	1	1	1	1	0	0	0	0	0	0	0	0	0	0
0.0194357415733947	1	0	0	0	0	0	1	1	1	0	1	1	0	0	0	1	1	1	0	0	0	1	1	1	2	0	0	0	0	0	NA	1	1	1	1	1	1	NA	2	2	0	1	0	0	0	0	0	0	0	0	0	0
-0.227431507983165	0	2	0	0	1	1	1	2	2	0	2	1	0	0	0	1	0	0	0	0	0	1	2	2	2	0	1	NA	2	0	0	0	0	0	0	0	2	0	2	2	0	1	0	0	0	0	0	0	0	0	0	0
-0.385658456048861	2	0	1	0	0	0	0	0	0	0	1	1	0	1	0	0	0	0	0	0	0	1	1	2	1	0	0	0	1	0	0	0	0	0	2	2	0	2	0	0	2	0	0	0	0	0	0	0	0	0	0	0
0.908733494516643	0	2	0	0	1	1	0	0	0	0	1	1	0	1	0	0	0	1	0	0	0	1	0	0	0	1	0	0	0	0	0	1	0	0	0	0	2	0	2	2	0	2	0	0	0	0	0	0	0	0	0	0
-0.344349370500942	1	1	0	0	0	0	0	0	0	0	1	1	0	1	0	0	0	0	0	0	1	1	1	2	1	0	0	0	0	0	0	1	0	0	0	0	2	0	2	2	0	2	2	2	0	2	2	2	2	2	0	0
-0.444766384591885	1	0	0	0	1	1	0	0	0	1	0	0	0	0	0	0	0	0	0	0	2	2	1	1	1	0	0	0	0	0	0	0	0	0	1	1	1	1	1	1	1	1	2	0	2	2	0	2	2	2	2	0
0.724916731212925	1	1	0	0	0	0	1	0	0	1	1	0	1	0	0	0	0	0	0	0	2	0	0	0	0	0	0	0	1	0	0	0	0	0	1	1	1	1	1	1	1	1	0	0	0	0	0	0	0	0	0	0
-0.0354425398191156	0	2	0	0	2	2	0	1	0	0	2	2	0	0	0	0	0	1	0	0	0	0	1	1	1	0	1	1	1	1	0	2	0	0	1	1	1	NA	NA	1	0	1	2	0	2	2	2	2	0	0	0	0
0.628477388825543	2	0	0	0	0	0	0	1	0	0	1	0	1	1	0	0	0	1	0	0	1	2	1	1	1	0	1	1	2	1	0	2	0	0	0	0	2	0	2	2	1	1	2	2	0	2	2	2	2	0	0	0
1.73781463470689	0	0	1	0	0	0	0	0	0	1	2	1	0	0	0	2	2	0	0	0	1	2	0	0	0	1	1	1	1	1	0	0	0	0	1	1	1	1	2	2	0	2	0	0	0	0	0	0	0	0	0	0
0.881303733692271	NA	0	0	0	0	0	2	2	2	0	1	1	0	1	0	0	0	0	0	0	1	1	0	0	0	0	0	0	0	0	0	1	0	0	2	2	0	2	0	0	2	0	0	0	0	0	0	0	0	0	0	0
-0.274867572362872	0	2	1	0	0	0	0	2	0	0	1	1	0	1	0	0	0	1	0	0	0	1	0	0	0	0	0	0	0	0	0	0	0	0	0	0	2	0	2	2	0	2	0	0	0	0	0	0	0	0	0	0
-0.392266776730535	0	1	0	0	0	0	1	2	2	0	2	2	0	0	0	0	0	1	0	0	2	1	1	2	0	1	0	0	0	0	NA	1	1	0	1	1	1	1	1	1	1	1	0	0	0	0	0	0	0	0	0	0
-0.171646634935927	1	1	0	0	1	1	1	1	1	0	0	0	0	0	0	0	0	1	0	0	1	0	1	1	1	0	0	0	0	0	0	1	0	0	0	0	2	0	2	2	0	2	0	0	0	0	0	0	0	0	0	0
-0.10639763929571	2	0	0	0	0	0	1	1	1	0	2	2	0	1	0	0	0	0	0	0	1	0	1	1	1	0	0	0	0	0	0	0	0	0	1	NA	1	1	0	0	2	0	0	0	0	0	0	0	0	0	0	0
0.796377527277009	0	1	0	0	0	0	1	1	1	0	1	1	0	0	0	1	1	2	0	0	1	1	0	1	0	0	1	0	1	0	0	0	0	0	1	1	1	1	0	0	2	0	2	0	2	2	0	2	2	2	2	0
-0.0617494500198879	1	0	1	0	0	0	2	1	1	0	1	1	0	0	0	1	0	0	0	0	2	2	0	2	0	0	0	0	0	0	1	1	0	1	2	2	0	2	0	0	2	0	0	0	0	0	0	0	0	0	0	0
-0.536056894241272	1	1	1	0	0	0	1	1	1	0	0	0	1	1	0	0	0	0	0	0	1	1	0	0	0	0	0	0	0	0	0	0	0	1	1	1	1	0	2	1	0	1	0	0	0	0	0	0	0	0	0	0
-0.219349201062957	2	0	1	0	0	0	0	0	0	0	1	1	0	0	0	0	0	0	0	0	0	1	0	0	0	0	0	0	1	0	0	0	0	0	2	2	0	2	0	0	2	0	0	0	0	0	0	0	0	0	0	0
-0.818497262557936	1	0	0	0	0	0	1	2	2	0	0	0	0	0	0	0	0	0	0	0	1	0	1	1	1	0	0	0	NA	0	0	2	0	0	0	0	1	1	1	1	1	1	0	0	0	0	0	0	0	0	0	0
-0.290162737294547	1	1	1	0	0	0	0	0	0	0	0	0	0	0	0	0	0	0	0	0	0	1	1	2	1	2	0	0	0	0	0	NA	0	0	2	2	0	2	0	NA	1	1	0	0	0	0	0	0	0	0	0	0
-0.466568529396992	0	2	0	0	0	0	0	0	0	1	0	0	0	0	0	1	0	0	0	0	0	1	0	0	1	0	0	0	0	0	0	1	0	0	1	1	1	1	1	1	1	0	0	0	0	0	0	0	2	2	2	0
-0.774983587319585	0	2	0	0	0	0	1	1	1	0	2	1	0	0	0	0	0	1	0	0	0	0	1	1	1	0	0	0	1	0	0	0	0	0	2	2	0	2	0	0	2	0	0	0	0	0	0	0	0	0	0	0
-0.118696266307729	1	0	2	0	0	0	2	1	1	1	0	0	0	1	0	1	1	0	0	0	0	2	1	1	1	0	0	0	1	0	0	1	0	0	1	1	1	1	0	0	2	0	0	0	0	0	0	0	0	0	0	0
-0.137581389175263	1	0	1	0	0	0	0	0	0	0	0	0	0	0	0	0	0	0	0	0	2	0	0	1	0	0	0	0	0	0	0	0	0	0	1	1	1	1	1	0	1	0	0	0	0	NA	0	0	0	0	0	0
-1.04972950975325	2	1	0	0	1	1	1	1	1	0	1	1	0	0	0	0	0	1	0	0	1	0	0	0	0	0	0	0	0	0	0	0	0	0	1	1	1	1	1	0	2	0	0	0	0	0	0	0	0	0	0	0
-0.241828700125446	0	2	2	0	0	0	1	2	2	0	0	0	0	0	0	1	1	0	0	0	1	1	0	0	0	0	0	0	1	0	0	1	0	0	1	1	1	1	1	1	1	1	0	0	0	0	0	0	0	0	0	0
0.0253495090198833	0	1	2	1	0	0	1	2	2	0	0	0	0	0	0	0	0	1	0	0	0	0	1	1	2	NA	0	0	0	0	1	1	1	0	1	1	1	1	1	1	1	1	0	0	0	0	0	0	0	0	0	0
0.0767162147778212	0	2	1	0	0	0	0	0	0	1	0	0	1	1	0	0	0	1	0	0	0	1	0	0	0	0	0	0	0	0	0	0	0	0	0	0	2	0	1	1	1	1	0	0	0	0	0	0	0	0	0	0
-0.331943373508336	0	0	NA	0	0	0	1	1	1	0	1	1	1	0	0	0	0	0	0	0	1	0	0	0	0	0	0	0	0	0	0	0	0	0	0	1	1	1	0	0	1	1	2	2	0	2	2	2	2	0	0	0
-0.305922665825173	1	1	1	0	0	0	0	1	1	1	0	0	1	1	0	0	0	0	0	0	1	1	0	0	0	0	1	1	1	0	0	0	0	0	1	1	1	1	1	1	1	0	0	0	0	0	0	0	0	0	0	0
-0.519312078278107	2	0	1	0	0	0	0	0	0	0	0	0	0	2	1	0	0	0	0	0	1	1	1	1	1	0	0	0	0	0	0	1	0	0	1	1	1	1	1	2	0	2	0	0	0	0	0	0	0	0	0	0
-0.436747181446958	0	2	1	0	1	1	0	1	0	0	1	1	1	0	0	0	0	0	0	0	1	0	0	1	0	0	0	0	0	0	NA	1	0	0	0	0	2	0	2	2	0	2	0	0	0	0	0	0	0	0	0	0
1.58460957733176	0	1	1	0	1	1	1	1	1	0	0	0	0	1	0	0	0	0	0	0	0	1	1	1	1	0	0	0	0	0	0	1	0	0	2	2	0	2	0	0	2	0	0	0	0	0	0	0	0	0	0	0
-0.355145891941448	0	2	0	0	1	1	1	1	1	0	2	2	1	1	0	0	0	1	0	0	2	0	0	0	0	0	0	0	0	0	0	1	0	1	2	2	0	NA	0	0	2	0	2	2	0	2	2	2	2	0	0	0
1.36635267287038	1	1	NA	0	1	2	0	0	0	0	1	1	2	0	0	0	0	0	0	0	0	1	0	0	0	1	0	0	0	0	0	1	0	0	1	1	0	2	0	0	2	0	0	0	0	0	0	0	0	0	0	0
-0.181947996735513	1	1	1	0	0	0	0	1	0	0	0	0	0	0	0	0	0	1	0	0	0	1	0	0	0	0	0	0	0	0	0	0	0	0	1	1	1	1	1	1	1	1	0	0	0	0	0	0	0	0	0	0
-0.478798762696311	1	1	1	0	1	1	0	2	NA	0	0	0	0	0	0	0	0	0	0	0	0	0	0	0	0	0	0	0	0	0	0	0	0	0	1	1	1	1	1	1	1	0	0	0	0	0	0	0	0	0	0	0
-0.315674257817418	1	1	0	0	0	0	1	1	1	0	0	0	0	0	0	0	0	0	0	0	0	1	1	1	0	0	0	0	0	0	0	0	0	0	1	1	0	2	0	0	2	0	0	0	0	0	0	0	0	0	0	0
-0.152183791235433	NA	0	0	0	0	0	1	0	0	1	0	0	0	0	0	0	0	1	0	0	0	0	0	0	0	0	0	0	0	0	1	1	0	1	2	1	1	0	2	1	0	1	2	0	0	0	0	0	0	0	0	0
0.733668444805755	1	1	0	0	0	0	0	0	0	0	1	1	0	0	0	1	1	1	0	0	1	1	0	0	1	0	1	1	1	1	0	1	0	0	1	1	1	1	1	1	1	1	0	0	0	0	0	0	0	0	0	0
1.62178406902271	0	2	1	0	0	0	2	2	2	0	0	0	0	0	0	1	0	0	0	0	0	2	1	1	1	0	0	0	0	0	0	0	0	0	1	1	1	1	1	1	1	1	0	0	0	0	0	0	0	0	0	0
0.390828752225424	0	2	0	0	0	0	1	1	1	1	2	1	2	0	0	1	0	0	0	0	0	0	0	0	0	1	0	0	0	0	0	0	0	0	1	1	1	1	2	2	0	2	0	0	0	0	0	0	0	0	0	0
-0.139454495992379	1	1	1	0	0	0	1	2	1	0	2	2	0	0	0	0	0	0	0	0	0	1	NA	0	0	0	0	0	0	0	0	2	0	0	0	0	2	0	2	2	0	2	0	0	0	0	0	0	0	0	0	0
0.102048067803414	2	0	0	0	0	0	1	1	0	0	0	0	0	0	0	0	0	0	0	0	1	2	0	0	0	0	0	0	0	0	0	1	0	1	1	1	1	0	1	0	1	0	0	0	0	0	0	0	0	0	0	0
-0.489391156809339	0	2	1	0	0	0	2	1	1	0	1	0	0	0	0	0	0	1	0	0	1	1	NA	0	0	1	1	1	1	0	0	1	0	0	0	0	1	1	1	1	1	1	0	0	0	0	0	0	0	0	0	0
0.636213701525974	1	1	0	0	0	0	1	1	1	0	1	1	1	2	0	0	0	0	0	0	1	1	0	0	0	0	0	0	1	0	0	1	0	0	0	0	2	0	2	2	0	2	0	0	0	0	0	0	0	0	0	0
-0.216467991121765	0	1	1	0	1	1	0	1	0	0	0	0	0	0	0	1	1	1	0	0	0	0	0	0	0	0	0	0	0	0	0	1	0	1	1	1	1	NA	1	0	1	0	0	0	0	0	0	0	0	0	0	0
1.54441000763431	0	2	0	0	0	0	0	0	0	0	0	0	0	0	0	0	0	0	0	0	1	1	0	0	0	0	0	0	0	0	0	1	0	0	0	0	2	0	2	2	0	2	0	0	0	0	0	0	0	0	0	0
-0.0605708902185851	0	2	0	0	0	0	0	0	0	0	1	1	0	0	0	1	1	2	0	0	1	2	0	0	0	0	0	0	0	0	0	0	0	0	2	2	0	2	0	0	2	0	0	0	0	0	0	0	0	2	2	0
0.55060129421805	1	1	0	0	0	0	0	0	0	0	0	0	0	0	0	0	0	1	0	0	1	0	0	0	0	0	0	0	0	0	1	1	1	0	1	1	0	2	0	0	2	0	0	0	0	0	0	0	0	0	0	0
-0.128058691413569	1	1	0	0	0	0	0	1	1	0	1	1	0	1	0	0	0	1	0	0	1	1	1	1	1	0	0	0	0	0	1	1	1	0	1	1	1	1	1	1	1	1	0	0	0	0	0	0	0	0	0	0
-0.300681336543655	0	2	1	0	0	0	0	2	1	0	1	1	0	0	0	0	0	0	0	0	0	1	0	0	0	0	0	0	1	0	0	1	0	0	2	2	0	2	0	0	2	0	0	0	0	0	0	0	0	0	0	0
1.61670080330817	0	1	0	0	0	0	0	0	0	0	0	0	0	1	0	0	0	1	0	0	0	1	0	NA	0	0	0	0	0	0	0	0	0	0	0	0	2	0	2	2	0	2	0	0	0	0	0	0	0	0	0	0
1.0287540403342	0	2	0	0	0	0	0	0	0	0	1	1	1	1	0	1	1	1	0	0	0	1	2	2	1	0	1	1	1	1	0	0	0	0	0	0	1	1	1	1	1	1	0	0	0	0	0	0	0	0	0	0
-0.027378585311907	2	0	0	0	1	1	2	1	1	0	1	1	0	2	0	0	0	1	0	0	1	1	0	NA	0	2	0	0	0	0	0	0	0	0	1	1	1	1	0	0	2	0	0	0	0	0	0	0	0	0	0	0
-0.316097540904082	2	0	0	0	0	0	1	2	1	0	1	1	0	1	0	0	0	0	0	0	0	2	1	1	1	0	1	1	1	1	0	1	0	0	1	1	1	1	0	0	2	0	2	0	0	0	0	0	0	0	0	0
0.420496678037355	0	2	0	0	0	1	2	2	2	0	0	0	0	0	0	0	0	1	0	0	0	2	NA	1	0	0	1	1	1	1	0	2	0	0	0	0	2	0	1	NA	1	1	0	0	0	0	0	0	0	0	0	0
0.0112981037212639	2	0	0	0	0	0	1	1	1	0	0	0	0	0	0	0	0	0	0	0	1	1	1	1	0	0	1	0	1	0	NA	1	1	1	1	1	0	1	1	0	1	0	0	0	0	0	0	0	0	0	0	0
-0.438906095998523	1	1	0	0	0	0	0	0	0	0	1	0	0	0	0	0	0	0	0	0	1	1	1	1	1	0	0	0	0	0	0	0	0	0	1	1	0	2	0	0	2	NA	0	0	0	0	0	0	0	0	0	0
1.33992920409515	2	0	0	0	1	1	1	1	1	0	0	0	1	0	0	0	0	0	0	0	2	2	0	0	0	0	0	0	1	0	0	0	0	0	1	1	1	1	1	1	1	1	2	0	0	0	0	0	0	0	0	0
-0.189426983512567	0	2	0	0	0	0	0	0	0	0	1	1	0	2	0	0	0	0	0	0	1	1	1	1	0	0	0	0	0	0	0	2	0	0	2	2	0	2	0	0	2	0	0	0	0	0	0	0	0	0	0	0
-0.0673016700509494	1	1	1	0	0	0	0	1	1	0	1	1	0	1	0	0	0	0	0	0	1	1	0	1	0	1	1	1	1	0	0	1	0	0	0	0	2	0	1	1	1	1	2	2	NA	2	2	2	2	2	2	2
-0.136382546841286	1	0	NA	0	0	0	2	2	2	0	1	1	0	0	0	0	0	1	0	0	0	0	0	0	0	2	0	0	0	0	0	0	0	0	0	0	2	0	1	1	1	1	0	0	0	0	0	0	0	0	0	0
-0.466153235536853	NA	1	0	0	1	0	0	2	2	0	0	0	1	0	0	0	0	1	0	0	0	0	0	1	0	0	0	0	1	0	1	1	1	0	2	2	0	2	0	0	2	0	0	0	0	0	0	0	0	0	0	0
-0.448578608226578	0	2	0	0	0	0	2	1	1	0	0	0	0	0	0	0	0	0	0	0	0	0	0	0	0	1	1	0	1	0	0	0	0	0	1	1	1	1	0	0	2	0	0	0	0	0	0	0	0	0	0	0
0.00511690156182857	0	1	0	0	0	0	0	2	2	0	1	1	0	1	0	0	0	0	0	0	1	0	1	1	1	0	1	1	1	0	0	2	0	0	0	0	2	0	2	2	0	2	0	0	0	0	0	0	0	0	0	0
-0.31747978613839	1	0	0	0	0	0	1	2	2	0	1	1	0	0	0	0	0	1	0	0	1	0	1	1	1	1	0	0	0	0	1	1	0	0	1	1	1	1	1	1	1	1	0	0	0	0	0	0	0	0	0	0
-0.11999886826257	0	1	0	0	0	0	1	1	1	0	1	1	0	1	0	0	0	0	0	0	1	0	0	0	0	0	0	0	1	0	1	2	0	0	2	2	0	2	0	0	2	0	0	0	0	0	0	0	0	0	0	0
-0.19371287265645	0	1	0	0	0	0	0	0	0	0	0	0	0	0	1	0	0	0	0	0	1	1	1	1	1	0	0	0	0	0	0	0	0	0	1	1	1	1	1	1	1	1	2	0	2	2	2	2	2	2	NA	NA
-0.1123553959073	0	1	0	0	0	0	0	2	1	0	0	0	0	1	0	0	0	1	0	0	0	1	0	0	0	0	0	0	0	0	0	0	0	1	1	1	1	1	1	1	1	1	NA	0	0	0	0	0	0	0	0	0
-0.238768375349094	1	1	1	0	1	1	0	0	0	0	1	1	1	1	0	0	0	0	0	0	0	0	0	0	0	1	0	0	0	0	0	0	0	0	0	0	2	0	1	1	1	1	0	0	0	0	0	0	0	0	0	0
-0.000441931434181121	0	2	1	0	1	1	1	1	1	0	0	0	0	0	0	0	0	2	0	0	1	1	0	0	0	0	0	0	0	0	0	0	0	0	2	2	0	2	0	0	2	0	0	0	0	0	0	0	0	0	0	0
0.0666420108427335	1	1	1	0	1	1	0	0	0	0	1	1	1	0	0	1	1	0	0	0	1	2	0	0	0	0	0	0	0	0	0	0	0	0	0	0	2	0	1	1	1	1	0	0	0	0	0	2	NA	2	2	0
-0.218906929818562	1	1	0	0	1	1	0	0	0	0	0	0	0	0	0	0	0	0	0	0	0	0	0	NA	0	0	0	0	0	0	0	1	0	0	0	0	2	0	2	2	0	2	0	0	0	0	0	0	0	0	0	0
-0.254579359622201	1	0	1	0	0	0	1	2	1	0	1	1	1	0	0	0	0	0	0	0	0	2	1	1	1	1	0	0	0	0	1	2	1	0	0	1	1	1	0	0	2	0	0	0	0	0	0	0	0	0	0	0
0.073692306518517	1	1	0	0	0	0	0	1	0	0	0	0	0	0	0	0	0	1	0	0	1	1	0	0	0	0	0	0	0	0	0	2	0	0	0	0	2	0	2	2	0	2	0	0	0	0	0	0	0	0	0	0
-0.0703835177220105	0	2	0	0	0	0	0	0	0	0	1	1	1	1	0	0	0	1	0	0	1	1	1	1	0	0	0	0	0	0	NA	1	1	0	0	0	1	1	1	1	1	1	0	0	0	0	0	0	0	0	0	0
1.55659976368284	0	0	0	0	0	0	1	1	0	0	0	0	0	0	0	0	0	1	0	0	1	2	1	2	1	1	0	0	1	0	0	0	0	0	0	1	0	2	1	1	1	1	0	0	0	0	0	0	0	0	0	0
-0.367863610787404	0	2	0	0	1	1	2	2	2	0	1	1	0	1	0	2	0	0	1	0	1	1	1	1	0	0	0	0	0	0	0	0	0	0	2	2	0	2	0	0	2	0	0	0	0	0	0	0	0	0	0	0
0.0431798757177711	0	2	0	0	0	0	1	1	1	0	0	0	0	2	0	0	0	0	0	0	1	1	0	0	0	0	0	0	0	0	0	2	0	1	1	1	1	0	NA	1	0	1	0	0	0	0	0	0	0	0	0	0
0.0383117939028531	0	2	1	0	0	0	2	1	1	0	1	0	0	0	0	0	0	1	0	0	0	1	0	0	0	1	2	0	2	0	1	1	1	0	1	1	1	1	1	1	1	1	0	0	0	0	0	0	0	0	0	0
0.169961106892006	0	2	0	0	1	1	1	0	0	0	0	0	0	0	0	0	0	0	0	0	0	1	0	0	0	0	0	0	0	0	0	1	0	0	1	1	1	1	2	1	0	NA	0	0	0	0	0	0	0	0	0	0
0.642925676962815	1	0	1	0	1	1	1	1	1	0	0	0	1	0	0	0	0	0	0	0	1	2	0	1	0	0	0	0	1	0	0	0	0	0	1	1	1	1	1	1	1	1	0	0	0	0	0	0	0	0	0	0
0.17596748304503	1	1	0	0	0	0	0	0	0	0	0	0	1	1	0	0	0	0	0	0	1	2	0	2	0	0	0	0	0	0	0	1	0	0	1	1	1	1	1	1	1	1	0	0	0	0	0	0	0	0	0	0
-0.0848684345718655	0	0	1	0	0	0	1	2	2	0	2	0	0	0	0	0	0	0	0	0	0	0	0	0	0	0	0	0	0	0	0	0	0	0	1	1	1	1	1	2	0	2	0	0	0	0	0	0	2	2	2	0
0.0686456386099239	0	2	1	0	1	1	0	0	0	0	1	1	0	2	0	0	0	0	0	0	0	1	1	1	0	1	0	0	0	0	0	0	0	0	0	0	2	0	2	2	0	2	0	0	0	0	0	0	0	0	0	0
-0.0351446775089578	1	1	0	0	2	2	0	1	1	0	1	1	1	0	0	0	0	0	0	0	1	0	0	0	0	0	1	1	2	1	0	0	0	1	1	1	1	NA	NA	0	2	0	0	0	0	0	0	0	0	0	0	0
-0.329593017127256	2	0	1	0	0	0	0	1	1	1	1	1	0	0	0	0	0	1	1	1	2	1	0	0	0	0	0	0	0	0	0	0	0	0	0	0	2	0	2	2	0	2	0	0	0	0	0	0	0	0	0	0
-0.174855096099065	0	1	0	0	0	0	2	2	2	0	1	1	0	0	0	1	1	0	0	0	0	1	0	0	0	1	0	0	0	0	0	2	0	0	1	1	1	1	0	0	2	0	0	0	0	0	0	0	2	2	2	0
0.9562459958332	2	0	0	0	1	1	0	0	0	0	1	1	0	0	0	0	0	1	0	0	0	1	0	1	0	1	0	0	0	0	1	1	0	0	0	0	2	0	2	2	0	1	0	0	0	0	0	2	2	2	2	0
0.060216703971621	0	2	1	NA	1	1	1	0	0	0	0	0	0	0	0	0	0	0	0	0	1	1	1	1	1	0	0	0	0	0	0	1	0	0	1	1	1	1	0	0	2	0	NA	0	0	0	0	0	0	0	0	0
0.0141233847650014	1	0	1	1	0	0	0	0	0	1	1	1	0	1	0	0	0	0	0	0	1	0	1	1	0	0	0	0	0	0	1	1	1	0	1	0	2	0	2	2	0	2	2	0	0	0	0	0	0	0	0	0
-0.0206052686726234	0	2	1	0	0	0	0	1	0	0	1	1	0	1	0	0	0	0	0	0	2	1	0	0	1	1	0	0	0	0	2	2	1	1	1	1	1	1	0	0	2	0	0	0	0	0	0	0	0	0	0	0
-0.43719236707865	2	0	0	0	0	0	1	2	2	1	2	2	0	1	0	0	0	0	0	0	1	1	0	0	0	0	0	0	0	0	0	0	0	1	1	1	1	1	1	1	1	1	0	0	0	0	0	0	0	0	0	0
0.775281722376844	0	1	0	0	0	0	1	0	0	0	1	1	1	2	0	0	0	0	0	0	2	1	0	0	0	0	0	0	0	0	0	0	0	0	1	1	1	1	2	2	1	2	0	0	0	0	0	0	0	0	0	0
0.48296273033562	0	2	0	0	1	1	1	2	2	0	0	0	0	1	0	1	NA	1	0	0	2	1	0	0	0	1	0	0	0	0	0	0	0	0	0	0	2	0	2	2	0	2	0	0	0	0	0	0	0	0	0	0
0.632801768854969	0	2	0	0	0	0	2	2	2	0	0	0	0	2	0	0	0	1	0	0	0	0	1	1	0	0	0	0	0	0	0	0	0	0	1	1	1	1	1	1	1	1	0	0	0	0	0	0	0	0	0	0
-0.357283488177572	2	0	0	0	0	0	0	0	0	0	2	2	0	1	0	0	0	1	0	0	0	2	1	1	0	0	0	0	0	0	0	1	0	0	1	1	1	1	0	0	2	0	0	0	0	0	0	0	0	2	0	0
-0.325838411965238	2	0	0	0	1	1	1	2	2	0	1	0	1	1	0	0	0	0	0	0	0	1	0	1	0	0	0	0	1	0	0	1	0	0	0	0	1	1	1	1	1	1	0	0	0	0	0	0	0	0	0	0
0.0401069398303279	1	1	1	0	1	1	1	2	2	0	1	1	1	1	0	0	0	2	0	0	1	2	0	0	0	0	0	0	0	0	1	2	1	0	0	1	1	1	1	0	1	0	0	0	0	0	0	0	0	0	0	0
0.259829899047405	0	2	0	0	0	0	0	1	1	0	0	0	0	0	0	0	0	1	0	0	1	0	1	1	0	0	0	0	1	0	0	1	0	0	0	0	2	0	2	1	0	1	0	0	0	0	0	0	0	0	0	0
0.206036669274384	1	1	NA	NA	1	1	2	1	1	0	1	1	0	1	0	0	0	1	0	0	0	1	0	0	0	0	0	0	1	0	0	2	0	0	2	2	0	2	0	0	2	0	0	0	2	2	0	2	2	2	2	0
-0.551293911642893	1	1	1	0	0	0	2	1	1	0	1	1	0	1	0	0	0	1	0	0	0	0	0	0	0	0	0	0	0	0	0	2	0	1	1	1	1	1	1	1	1	1	0	0	0	0	0	0	0	0	0	0
-0.436880553239919	0	1	0	0	0	0	1	1	1	0	1	1	0	0	0	0	0	0	0	0	2	1	0	0	0	0	0	0	0	0	0	1	0	0	1	1	1	1	1	NA	0	2	0	0	0	0	0	0	0	0	0	0
