1	GSA-rs116587930	0	727841
1	rs3131972	0	752721
1	GSA-rs114525117	0	759036
1	rs12127425	0	794332
1	GSA-rs79373928	0	801536
1	GSA-rs72631887	0	835092
1	rs4970383	0	838555
1	rs28678693	0	838665
1	rs4970382	0	840753
1	GSA-rs4475691	0	846808
1	GSA-rs72631889	0	851390
1	rs7537756	0	854250
1	rs13302982	0	861808
1	rs2880024	0	866893
1	rs13302914	0	868404
1	rs76723341	0	872952
1	GSA-rs143853699	0	879911
1	rs2272757	0	881627
1	GSA-rs67274836	0	884767
1	rs3748597	0	888659
1	GSA-rs3828049	0	889238
1	exm2264981	0	894573
1	rs13303229	0	897564
1	rs3935066	0	900730
1	rs6669800	0	903321
1	rs35241590	0	904752
1	rs28561399	0	910473
1	GSA-rs3748588	0	911101
1	rs41285816	0	917640
1	rs2341354	0	918573
1	rs6605059	0	919419
1	rs4970414	0	919501
1	rs116781904	0	919855
1	rs2799064	0	957898
1	rs28591569	0	959509
1	rs3121578	0	974894
1	rs79016973	0	978974
1	rs113288277	0	979748
1	seq-rs112039851	0	980824
1	rs2275811	0	985460
1	GSA-rs74223856	0	988902
1	rs2465136	0	990417
1	rs7526076	0	998395
1	GSA-rs113592356	0	1004331
1	rs9442372	0	1018704
1	rs12132100	0	1023788
1	GSA-rs116334314	0	1026428
1	GSA-rs77334480	0	1027888
1	rs12731175	0	1030374
1	rs9651273	0	1031540
1	rs6671356	0	1040026
1	rs12080505	0	1045606
1	rs9442373	0	1062638
1	rs4072537	0	1065296
1	GSA-rs11260598	0	1065726
1	rs61766346	0	1068883
1	rs139475585	0	1070467
1	rs141230226	0	1072181
1	rs11260603	0	1079198
1	GSA-rs116661896	0	1079261
1	GSA-rs74045142	0	1092071
1	GSA-rs77791262	0	1092205
1	GSA-rs57527288	0	1092563
1	rs61768477	0	1095130
1	rs9442385	0	1097335
1	rs76051810	0	1099840
1	GSA-rs61768480	0	1103150
1	GSA-rs112695918	0	1104584
1	rs11260542	0	1110019
1	GSA-rs79295821	0	1110557
1	rs6671609	0	1112982
1	GSA-rs12092254	0	1113121
1	GSA-rs111751804	0	1115503
1	GSA-rs114390380	0	1115548
1	GSA-rs111290899	0	1118578
1	GSA-rs77051049	0	1119546
1	rs1320571	0	1120431
1	rs77950429	0	1120536
1	GSA-rs115516254	0	1127561
1	rs10907175	0	1130727
1	GSA-rs3753350	0	1144196
1	rs3813199	0	1158277
1	GSA-rs76888271	0	1158357
1	rs6603782	0	1171417
1	GSA-rs12093154	0	1178925
1	rs78446752	0	1183397
1	1:1183442	0	1183442
1	GSA-rs116866065	0	1189605
1	rs1058161	0	1190523
1	GSA-rs72894077	0	1196374
1	rs4018608	0	1203938
1	GSA-rs74950664	0	1215260
1	rs2144440	0	1220136
1	rs12751100	0	1220954
1	GSA-rs11260578	0	1221138
1	rs3737721	0	1227897
1	GSA-rs117919883	0	1233576
1	GSA-rs77641120	0	1239847
1	rs62623580	0	1254255
1	rs3845293	0	1258246
1	GSA-rs307377	0	1269554
1	GSA-rs72634803	0	1270132
1	rs76022438	0	1302995
1	GSA-rs17160669	0	1305561
1	GSA-rs150194697	0	1309405
1	rs2260423	0	1314707
1	rs34429643	0	1316247
1	GSA-rs4970443	0	1316887
1	rs1240707	0	1335302
1	rs1240708	0	1335790
1	rs138985554	0	1361130
1	GSA-rs143000156	0	1365759
1	rs3843249	0	1373373
1	rs78727284	0	1377535
1	GSA-rs149262155	0	1386089
1	GSA-rs137900170	0	1392325
1	GSA-rs138988486	0	1394069
1	rs111938039	0	1400170
1	rs111509968	0	1446390
1	rs6690515	0	1447325
1	rs139049688	0	1449501
1	GSA-rs6669795	0	1450947
1	rs7531221	0	1453373
1	rs12032637	0	1465382
1	rs79463926	0	1467322
1	GSA-rs146206869	0	1470807
1	rs2031709	0	1485984
1	GSA-rs1887284	0	1487059
1	rs7531530	0	1489670
1	GSA-rs77167259	0	1501089
1	GSA-rs77661767	0	1510724
1	rs114517777	0	1512885
1	rs4648786	0	1521805
1	GSA-rs61774870	0	1525437
1	GSA-rs74223870	0	1543050
1	rs28703654	0	1543311
1	rs12725787	0	1555396
1	GSA-rs78656035	0	1555718
1	GSA-rs117366726	0	1558267
1	rs28635343	0	1560103
1	GSA-rs117489126	0	1561051
1	rs7532034	0	1603163
1	rs9442411	0	1619767
1	exm2268858	0	1664124
1	rs75816936	0	1686081
1	rs2076327	0	1686962
1	GSA-rs78804397	0	1689225
1	GSA-rs111366931	0	1692989
1	rs17162855	0	1695831
1	GSA-rs6603811	0	1706136
1	rs742359	0	1715011
1	rs10907185	0	1733219
1	GSA-rs114622732	0	1766856
1	rs4648727	0	1776269
1	rs7525092	0	1810090
1	rs28710181	0	1847531
1	GSA-rs28633659	0	1854546
1	GSA-rs45489198	0	1859176
1	GSA-rs60609500	0	1860997
1	rs2803316	0	1865298
1	GSA-rs4648597	0	1881361
1	rs28624830	0	1885769
1	GSA-rs3795289	0	1886863
1	rs28548017	0	1887019
1	rs3820011	0	1888193
1	rs78927713	0	1891034
1	rs28446828	0	1891156
1	rs4648601	0	1899861
1	rs16824588	0	1900232
1	GSA-rs17777942	0	1906789
1	rs4648746	0	1914487
1	rs13303332	0	1923129
1	GSA-rs6662278	0	1923507
1	rs6605081	0	1930754
1	rs28706276	0	1933267
1	rs28550169	0	1939826
1	GSA-rs6656398	0	1941929
1	rs13303016	0	1946591
1	rs16824627	0	1962633
1	GSA-rs3128310	0	1966453
1	rs115492961	0	1967404
1	GSA-rs55977422	0	1969601
1	GSA-rs74372554	0	1969752
1	GSA-rs188382475	0	1974254
1	rs6661694	0	1978655
1	GSA-rs61709121	0	1979842
1	rs28668690	0	1985705
1	GSA-rs3121828	0	1986754
1	GSA-rs1878747	0	1991162
1	GSA-rs4454477	0	2000337
1	GSA-rs28652946	0	2008688
1	GSA-rs2803346	0	2011958
1	rs13303130	0	2019070
1	rs13303198	0	2020905
1	GSA-rs2459995	0	2024256
1	GSA-rs61775407	0	2028060
1	rs908743	0	2038824
1	rs4648808	0	2040936
1	GSA-rs76198274	0	2044962
1	rs3107146	0	2047584
1	rs11589827	0	2055856
1	rs56260599	0	2056115
1	rs425277	0	2069172
1	rs424079	0	2071340
1	rs385039	0	2077409
1	rs34944978	0	2082829
1	GSA-rs115113197	0	2093124
1	GSA-rs61776610	0	2098512
1	GSA-rs11587831	0	2110848
1	GSA-rs262680	0	2167149
1	rs867635	0	2168604
1	GSA-rs10910033	0	2173179
1	GSA-rs114462818	0	2184755
1	GSA-rs77797313	0	2186115
1	rs12084736	0	2189580
1	rs10910045	0	2205527
1	rs12047069	0	2205548
1	rs12045693	0	2205581
1	GSA-rs3795275	0	2209780
1	rs4648821	0	2216368
1	rs6689315	0	2216391
1	rs12119470	0	2218100
1	rs59476564	0	2218129
1	rs2643884	0	2220425
1	GSA-rs2017143	0	2220649
1	rs884940	0	2223866
1	rs2889408	0	2225251
1	rs1532385	0	2225284
1	rs12024136	0	2225412
1	rs1496555	0	2234251
1	rs2843157	0	2240383
1	rs12082516	0	2251160
1	GSA-rs74554258	0	2251822
1	rs2645065	0	2261222
1	GSA-rs78615410	0	2265958
1	GSA-rs56298931	0	2270170
1	rs12730050	0	2273144
1	rs1472319	0	2273905
1	GSA-rs72920968	0	2277392
1	GSA-rs2055204	0	2280661
1	rs7527871	0	2281726
1	rs4648831	0	2283117
1	rs2840526	0	2283266
1	rs2840535	0	2301609
1	rs10910061	0	2303512
1	rs2279703	0	2306695
1	rs12070746	0	2308029
1	rs61760819	0	2311393
1	GSA-rs2643908	0	2312395
1	rs3736331	0	2318653
1	GSA-rs72642184	0	2325548
1	GSA-rs4648838	0	2329212
1	rs3001344	0	2329808
1	rs6693447	0	2330190
1	GSA-rs75262920	0	2331139
1	GSA-rs55746053	0	2337560
1	rs2494427	0	2338569
1	rs2494429	0	2339395
1	rs61760854	0	2341060
1	GSA-rs80045357	0	2348983
1	rs3935659	0	2351699
1	rs12731309	0	2352146
1	GSA-rs75884450	0	2353116
1	rs12118145	0	2355223
1	rs67532508	0	2355400
1	GSA-rs114573763	0	2357367
1	rs2494641	0	2362827
1	rs2494639	0	2368775
1	rs61763907	0	2369021
1	rs2494425	0	2372858
1	rs74049259	0	2372940
1	rs12563838	0	2374120
1	GSA-rs12406368	0	2380384
1	rs4648845	0	2387101
1	rs4648846	0	2389152
1	rs2477686	0	2392648
1	rs10910082	0	2418935
1	GSA-rs114371513	0	2435738
1	GSA-rs75875515	0	2441020
1	GSA-rs2494620	0	2441358
1	GSA-rs76591030	0	2444953
1	GSA-rs116387284	0	2449924
1	rs2494625	0	2454709
1	GSA-rs1980789	0	2455863
1	rs11584295	0	2465329
1	GSA-rs2985861	0	2466377
1	rs2234167	0	2494330
1	rs72644674	0	2512456
1	rs734999	0	2513216
1	rs3748816	0	2526746
1	GSA-rs34571135	0	2529283
1	rs112057155	0	2529552
1	GSA-rs114996135	0	2534122
1	GSA-rs78808250	0	2545088
1	GSA-rs115594597	0	2546808
1	rs11590198	0	2551900
1	GSA-rs55649610	0	2565327
1	GSA-rs117874566	0	2576337
1	GSA-rs78791115	0	2578729
1	rs115187098	0	2583272
1	GSA-rs114858168	0	2704698
1	GSA-rs77483654	0	2708340
1	rs4648356	0	2709164
1	rs2377041	0	2713327
1	GSA-rs72646048	0	2723193
1	GSA-rs57917493	0	2729038
1	GSA-rs60513129	0	2729251
1	rs56820613	0	2735418
1	GSA-rs6679232	0	2739972
1	rs7511879	0	2752265
1	rs10797390	0	2752693
1	rs4648384	0	2756621
1	GSA-rs12739189	0	2757537
1	GSA-rs114996183	0	2757675
1	GSA-rs115374664	0	2764761
1	rs897619	0	2776777
1	GSA-rs114800103	0	2778059
1	GSA-rs10909992	0	2778766
1	rs12409348	0	2779043
1	rs74047608	0	2779481
1	GSA-rs116265045	0	2781267
1	GSA-rs118103097	0	2781390
1	rs897636	0	2784092
1	rs10797342	0	2797856
1	GSA-rs79327914	0	2800573
1	GSA-rs2925494	0	2805028
1	exm2268859	0	2806107
1	GSA-rs115267687	0	2811402
1	rs2842910	0	2817421
1	rs7340016	0	2833332
1	rs1563468	0	2833743
1	rs2842926	0	2834025
1	rs2606410	0	2836099
1	rs55855166	0	2837444
1	rs34512080	0	2842483
1	rs10797368	0	2852707
1	GSA-rs16823228	0	2853759
1	rs2925499	0	2860931
1	rs7539511	0	2862320
1	rs10909845	0	2876525
1	rs2842925	0	2886356
1	rs12752801	0	2886466
1	rs72853379	0	2886903
1	rs12044030	0	2889577
1	rs56877975	0	2894910
1	rs35490531	0	2897876
1	rs6681741	0	2898960
1	GSA-rs11586705	0	2899603
1	rs1572657	0	2902128
1	GSA-rs79598682	0	2903725
1	GSA-rs12025260	0	2917377
1	GSA-rs12022429	0	2919942
1	rs6685625	0	2927624
1	rs2142569	0	2944527
1	rs74048148	0	2954031
1	rs12724379	0	2958856
1	rs717795	0	2970464
1	GSA-rs115843581	0	2970621
1	GSA-rs76425763	0	2975328
1	rs59243365	0	2979184
1	GSA-rs12563622	0	2980793
1	GSA-rs2993482	0	2991808
1	rs2993486	0	2993638
1	rs2788094	0	2998022
1	rs2742687	0	2998632
1	rs6695131	0	3000924
1	rs11801109	0	3003532
1	rs926244	0	3006283
1	rs2817168	0	3013690
1	GSA-rs7539543	0	3013870
1	rs2993493	0	3020246
1	rs1890336	0	3024265
1	rs2993501	0	3025986
1	rs2993503	0	3028987
1	rs2072733	0	3029081
1	GSA-rs115737143	0	3030907
1	GSA-rs77093975	0	3036320
1	GSA-rs77009640	0	3041632
1	rs2817178	0	3047252
1	rs10797378	0	3047447
1	rs2742668	0	3047612
1	rs10909882	0	3049713
1	rs2742665	0	3058238
1	GSA-rs115692019	0	3058662
1	GSA-rs2651909	0	3061655
1	rs2817187	0	3062875
1	rs79155405	0	3062909
1	GSA-rs731031	0	3072692
1	GSA-rs16823409	0	3072956
1	rs2651902	0	3074306
1	GSA-rs79063099	0	3078729
1	GSA-rs79135020	0	3080498
1	rs2651899	0	3083712
1	rs2651935	0	3086496
1	rs34503920	0	3089202
1	GSA-rs71634325	0	3089550
1	GSA-rs114054273	0	3090354
1	rs61759167	0	3091587
1	rs61759178	0	3098489
1	GSA-rs72846849	0	3099635
1	rs2651927	0	3101762
1	rs10752733	0	3104630
1	GSA-rs116525159	0	3104972
1	GSA-rs114482973	0	3108444
1	rs67620903	0	3111119
1	exm2260168	0	3111669
1	rs10909892	0	3112278
1	rs9659513	0	3116361
1	rs72846890	0	3116817
1	GSA-rs55994066	0	3118301
1	GSA-rs12096975	0	3118316
1	rs58819932	0	3119118
1	rs7521730	0	3120130
1	GSA-rs7521987	0	3124080
1	GSA-rs13328662	0	3124155
1	rs4376672	0	3126090
1	GSA-rs3753758	0	3127538
1	GSA-rs12403684	0	3136733
1	rs2651895	0	3138111
1	rs16823548	0	3140812
1	rs10158583	0	3144068
1	rs16823558	0	3144826
1	rs2651920	0	3148153
1	rs2455116	0	3148574
1	rs16823576	0	3148697
1	GSA-rs115462968	0	3151810
1	rs11807062	0	3153237
1	GSA-rs72632108	0	3158951
1	rs2500252	0	3161353
1	rs2937390	0	3163997
1	GSA-rs11589327	0	3168174
1	rs72632125	0	3178716
1	rs2455107	0	3180158
1	rs16823763	0	3194916
1	rs61759190	0	3199121
1	rs111756326	0	3203275
1	rs55866132	0	3207780
1	GSA-rs12757342	0	3208830
1	rs4648468	0	3210950
1	rs4648377	0	3211458
1	GSA-rs116356993	0	3212881
1	rs2455144	0	3214732
1	rs2455137	0	3217151
1	rs2455135	0	3219901
1	rs6687835	0	3237174
1	rs57675406	0	3241116
1	rs10909930	0	3243017
1	GSA-rs2483274	0	3248098
1	rs2483275	0	3249242
1	rs2483278	0	3252104
1	rs2483280	0	3255539
1	rs6686156	0	3259029
1	rs4648379	0	3261516
1	rs4415513	0	3261682
1	GSA-rs12076855	0	3269710
1	rs35864930	0	3271154
1	rs7550526	0	3272541
1	rs946760	0	3272755
1	rs11807862	0	3279268
1	rs7524171	0	3279324
1	rs6658356	0	3280253
1	rs4648487	0	3285304
1	seq-rs2493309	0	3296951
1	rs868688	0	3300807
1	GSA-rs117381898	0	3301586
1	GSA-rs2245703	0	3303446
1	GSA-rs6666433	0	3303633
1	rs2493278	0	3307746
1	GSA-rs2493268	0	3308498
1	rs7535965	0	3313282
1	rs11577526	0	3318435
1	rs2493292	0	3328659
1	GSA-rs72851311	0	3330390
1	rs2493285	0	3333595
1	GSA-rs147328263	0	3333910
1	rs2493284	0	3337156
1	rs11579873	0	3337636
1	rs4648385	0	3340269
1	rs2244013	0	3342530
1	GSA-rs2483239	0	3344215
1	rs2493272	0	3349513
1	GSA-rs79456262	0	3360343
1	rs867814	0	3362256
1	GSA-rs11808779	0	3364487
1	rs12086322	0	3366314
1	rs3806164	0	3380057
1	GSA-rs56309807	0	3397062
1	rs11579276	0	3398984
1	rs115919274	0	3404818
1	GSA-rs61910697	0	3410410
1	GSA-rs12075570	0	3410973
1	GSA-rs56175625	0	3412254
1	GSA-rs61742846	0	3417211
1	rs947344	0	3423467
1	GSA-rs947345	0	3424388
1	rs11587498	0	3432993
1	GSA-rs78046265	0	3438505
1	rs10797399	0	3440824
1	GSA-rs115852179	0	3441702
1	GSA-rs114476348	0	3443288
1	rs12119711	0	3451005
1	GSA-rs12562983	0	3457311
1	GSA-rs34673906	0	3457419
1	GSA-rs113595493	0	3460730
1	GSA-rs10797401	0	3462904
1	rs6685801	0	3464451
1	GSA-rs72853563	0	3466895
1	GSA-rs72853567	0	3469948
1	GSA-rs12078542	0	3470381
1	GSA-rs7520098	0	3472952
1	rs7525042	0	3479335
1	GSA-rs77039417	0	3480162
1	rs75995598	0	3485108
1	rs867413	0	3486335
1	GSA-rs883106	0	3486471
1	rs947354	0	3487126
1	GSA-rs79568147	0	3487304
1	GSA-rs10909973	0	3495672
1	rs10909974	0	3499067
1	GSA-rs115264380	0	3500750
1	rs4648527	0	3507861
1	GSA-rs80280964	0	3509817
1	rs7513275	0	3511934
1	rs56770023	0	3518487
1	GSA-rs78267041	0	3528586
1	rs7522507	0	3534808
1	GSA-rs3765689	0	3559482
1	rs6697769	0	3570883
1	rs2368544	0	3574756
1	rs10910004	0	3576197
1	rs4648545	0	3577321
1	rs3765692	0	3584771
1	rs3765695	0	3587377
1	rs6671482	0	3590425
1	rs3765703	0	3592436
1	GSA-rs10910007	0	3592483
1	rs57596460	0	3599514
1	GSA-rs114522823	0	3603650
1	rs78030280	0	3604189
1	GSA-rs3819957	0	3607606
1	rs3765731	0	3611892
1	rs3819958	0	3613067
1	rs1077603	0	3613218
1	rs3765736	0	3616601
1	GSA-rs115694533	0	3622073
1	GSA-rs55657548	0	3623621
1	rs3765754	0	3625548
1	GSA-rs6688320	0	3630630
1	rs3753211	0	3632608
1	GSA-rs3765769	0	3635630
1	rs2181487	0	3637812
1	GSA-rs6695978	0	3648345
1	GSA-rs12562437	0	3651031
1	GSA-rs76059087	0	3657308
1	rs12117836	0	3657759
1	rs1181883	0	3677933
1	GSA-rs1181880	0	3678904
1	GSA-rs41306998	0	3680427
1	GSA-rs2275837	0	3686318
1	rs1175549	0	3691727
1	GSA-rs77799767	0	3694362
1	GSA-rs11547616	0	3696925
1	rs11547615	0	3697663
1	rs2253143	0	3703710
1	rs60946587	0	3705888
1	rs6662706	0	3732596
1	GSA-rs34692790	0	3736850
1	rs9286792	0	3737036
1	GSA-rs12759497	0	3742257
1	rs6688969	0	3743391
1	rs61768915	0	3749115
1	rs2368533	0	3750167
1	GSA-rs10797347	0	3759784
1	rs10909810	0	3783278
1	GSA-rs75683196	0	3783880
1	GSA-rs72848464	0	3784276
1	rs5013486	0	3786612
1	rs34108662	0	3790332
1	rs36081432	0	3792310
1	rs3205087	0	3800242
1	rs9786975	0	3802900
1	rs7367066	0	3803755
1	rs7530189	0	3805098
1	GSA-rs117780450	0	3819170
1	rs34684424	0	3823395
1	rs76419011	0	3823804
1	GSA-rs78783957	0	3824656
1	GSA-rs35383955	0	3825525
1	rs80294302	0	3835967
1	rs36109325	0	3838400
1	rs35025175	0	3840449
1	rs35974482	0	3840878
1	GSA-rs80309618	0	3995644
1	rs61770398	0	3995906
1	rs10157948	0	4000091
1	GSA-rs12405638	0	4000610
1	rs28438555	0	4002600
1	rs116047005	0	4003296
1	rs72640993	0	4004028
1	GSA-rs116446811	0	4005256
1	rs57415555	0	4005540
1	rs7524279	0	4005693
1	GSA-rs72642208	0	4006432
1	rs10799181	0	4009071
1	GSA-rs6682838	0	4009750
1	rs4654481	0	4009855
1	GSA-rs74050439	0	4012010
1	rs10753366	0	4013602
1	rs7522140	0	4017137
1	rs7550609	0	4026098
1	GSA-rs12756428	0	4027455
1	GSA-rs57147548	0	4032762
1	GSA-rs12031557	0	4034097
1	rs12028397	0	4037665
1	GSA-rs150691159	0	4053681
1	rs9426500	0	4054972
1	rs12135298	0	4057488
1	rs4654557	0	4058444
1	rs10915565	0	4060196
1	rs4128222	0	4066781
1	rs68085961	0	4066956
1	rs6675979	0	4068052
1	rs72852529	0	4076373
1	rs4129100	0	4078448
1	GSA-rs74812776	0	4079944
1	GSA-rs10915659	0	4092949
1	GSA-rs60561351	0	4094092
1	rs12036953	0	4104757
1	GSA-rs5018350	0	4105421
1	GSA-rs10915323	0	4106987
1	rs75864646	0	4107166
1	GSA-rs115563135	0	4107238
1	rs12031502	0	4108761
1	rs60034634	0	4109399
1	rs58967398	0	4110784
1	rs10799171	0	4115576
1	rs4233258	0	4120898
1	rs7524800	0	4121584
1	rs4654408	0	4127861
1	rs16840701	0	4129266
1	GSA-rs78227912	0	4133242
1	rs4639725	0	4139931
1	rs10915421	0	4145615
1	rs10915422	0	4145875
1	GSA-rs12065003	0	4150785
1	rs115530964	0	4151121
1	rs4548406	0	4151751
1	rs10915428	0	4158955
1	rs77591952	0	4162563
1	rs12073797	0	4165198
1	GSA-rs74049021	0	4166023
1	GSA-rs78714318	0	4168697
1	rs12077262	0	4170048
1	rs10492944	0	4171786
1	GSA-rs16840790	0	4173506
1	GSA-rs78557694	0	4177742
1	GSA-rs76524407	0	4178632
1	rs12566219	0	4180839
1	GSA-rs12040805	0	4180842
1	rs10915437	0	4183006
1	rs114008086	0	4189226
1	GSA-rs55916310	0	4190167
1	rs74410087	0	4192397
1	rs12568266	0	4193551
1	rs4131507	0	4194712
1	GSA-rs6702633	0	4197035
1	rs57352098	0	4199172
1	GSA-rs16840831	0	4200169
1	GSA-rs75359796	0	4200489
1	rs6683453	0	4210402
1	rs16840866	0	4212493
1	rs72851488	0	4218044
1	rs75151855	0	4219747
1	rs78314286	0	4224315
1	rs78485316	0	4225087
1	GSA-rs79328779	0	4227091
1	rs12123330	0	4227464
1	rs4468133	0	4227634
1	GSA-rs75291763	0	4231558
1	rs6688343	0	4231757
1	rs12032295	0	4231964
1	rs6694801	0	4233380
1	rs6690519	0	4234513
1	rs4233264	0	4240178
1	rs11808641	0	4250933
1	GSA-rs113485362	0	4262453
1	rs4654510	0	4263063
1	rs6687268	0	4263677
1	GSA-rs12022636	0	4271526
1	rs10915479	0	4277948
1	rs11579829	0	4282786
1	GSA-rs112629950	0	4287392
1	rs10799218	0	4289899
1	rs10158644	0	4292799
1	GSA-rs11580697	0	4300158
1	GSA-rs115608881	0	4311009
1	GSA-rs16841032	0	4314360
1	rs966321	0	4315204
1	GSA-rs964716	0	4316688
1	rs10915494	0	4328476
1	rs903541	0	4335893
1	rs75263049	0	4338586
1	rs1390136	0	4341843
1	rs16838560	0	4351888
1	rs16838566	0	4358265
1	GSA-rs115293227	0	4358906
1	rs34546429	0	4360348
1	rs200326227	0	4363034
1	rs74049161	0	4363625
1	rs34429154	0	4363735
1	rs693734	0	4364226
1	rs351625	0	4365471
1	rs16838616	0	4368304
1	rs351619	0	4368819
1	rs351615	0	4370385
1	rs12073612	0	4370489
1	GSA-rs1495238	0	4370588
1	rs12132314	0	4371949
1	rs10915509	0	4375859
1	GSA-rs12408012	0	4379687
1	rs351606	0	4384056
1	rs2411740	0	4388684
1	rs641473	0	4388885
1	rs111555716	0	4396839
1	rs10799228	0	4405998
1	GSA-rs72631080	0	4414668
1	GSA-rs79461685	0	4418667
1	rs17410050	0	4419997
1	rs75411	0	4425414
1	GSA-rs572439	0	4431264
1	rs12028738	0	4431571
1	GSA-rs67295876	0	4432852
1	rs239339	0	4444539
1	GSA-rs115174136	0	4455887
1	GSA-rs7521665	0	4456277
1	GSA-rs4654530	0	4457859
1	GSA-rs349400	0	4462460
1	GSA-rs114342062	0	4477412
1	rs4654432	0	4481215
1	rs12029910	0	4488779
1	rs6658372	0	4488979
1	GSA-rs6678792	0	4489398
1	GSA-rs1762814	0	4496256
1	rs77633111	0	4497313
1	rs12731060	0	4500436
1	rs780588	0	4506325
1	rs780593	0	4507743
1	rs11584026	0	4514453
1	rs12691489	0	4516259
1	rs666152	0	4518202
1	rs72633529	0	4523324
1	rs6426414	0	4527772
1	rs12143782	0	4534350
1	GSA-rs55653177	0	4534969
1	exm2260335	0	4541390
1	rs114240781	0	4542308
1	rs6656245	0	4543663
1	rs16839098	0	4544815
1	rs350182	0	4548292
1	rs705689	0	4549307
1	rs705690	0	4549380
1	rs116532395	0	4552482
1	rs582598	0	4561962
1	GSA-rs34567044	0	4566418
1	rs4654441	0	4566515
1	rs780568	0	4569834
1	rs79383560	0	4574090
1	GSA-rs1710422	0	4574117
1	rs6703696	0	4578495
1	GSA-rs116415025	0	4579234
1	rs12035830	0	4579733
1	rs241240	0	4586306
1	GSA-rs241232	0	4590969
1	rs537398	0	4594603
1	rs12080165	0	4596700
1	rs74773514	0	4602986
1	rs7534050	0	4603127
1	rs112721082	0	4606115
1	rs241257	0	4614822
1	rs4654556	0	4615331
1	rs72852789	0	4615934
1	rs12120353	0	4620996
1	rs241278	0	4629408
1	rs80308628	0	4631310
1	rs171317	0	4632828
1	rs7534062	0	4633238
1	rs12075731	0	4633404
1	rs6426421	0	4633639
1	GSA-rs1157688	0	4636767
1	rs1024139	0	4640902
1	GSA-rs113995267	0	4641668
1	rs725563	0	4643472
1	rs616180	0	4645704
1	GSA-rs619364	0	4646379
1	rs1849943	0	4649316
1	rs164772	0	4652512
1	GSA-rs117638862	0	4660434
1	rs537761	0	4662408
1	rs164783	0	4664614
1	rs3896439	0	4668670
1	rs10915571	0	4674429
1	rs4654569	0	4675555
1	GSA-rs4654574	0	4679731
1	rs12029673	0	4684090
1	GSA-rs1107468	0	4684846
1	rs875807	0	4685672
1	rs7527078	0	4690893
1	rs10799249	0	4691860
1	GSA-rs75035073	0	4696084
1	GSA-rs79001594	0	4696853
1	rs12122754	0	4698559
1	rs76059212	0	4698677
1	GSA-rs10915575	0	4701258
1	rs61764994	0	4702296
1	rs74727341	0	4704223
1	rs12125737	0	4706755
1	rs900501	0	4717340
1	rs2035454	0	4722431
1	rs12408160	0	4723046
1	rs12083131	0	4723818
1	GSA-rs78173795	0	4724250
1	rs2035455	0	4724632
1	rs17421247	0	4724957
1	rs11588149	0	4725496
1	rs7517857	0	4725585
1	GSA-rs12567266	0	4726454
1	rs4281299	0	4730960
1	rs4654585	0	4733239
1	GSA-rs78598397	0	4736340
1	rs115426150	0	4737666
1	rs2071990	0	4738058
1	GSA-rs2071995	0	4738678
1	rs763238	0	4743704
1	rs12402150	0	4750267
1	GSA-rs114235078	0	4750590
1	GSA-rs114983999	0	4751901
1	rs16839469	0	4751995
1	rs4654587	0	4752960
1	GSA-rs17349117	0	4754651
1	rs12121882	0	4758327
1	rs35923204	0	4766739
1	rs242056	0	4772717
1	rs3766961	0	4779955
1	rs3820251	0	4781151
1	GSA-rs3820252	0	4784556
1	rs16839524	0	4785449
1	rs242044	0	4787119
1	rs242050	0	4789179
1	rs3766964	0	4792184
1	GSA-rs141899425	0	4796572
1	rs75801608	0	4799110
1	rs115486560	0	4801728
1	rs3753708	0	4805034
1	GSA-rs409048	0	4805674
1	rs7532708	0	4806207
1	GSA-rs115722628	0	4806370
1	rs2802720	0	4809120
1	rs72639906	0	4813360
1	rs11591221	0	4817508
1	rs523141	0	4819667
1	GSA-rs3766974	0	4821049
1	rs426095	0	4828063
1	rs9426483	0	4830900
1	GSA-rs423285	0	4831076
1	rs12030265	0	4831752
1	GSA-rs12737329	0	4832839
1	rs399377	0	4835375
1	rs3753732	0	4838249
1	rs9426506	0	4844376
1	rs11805709	0	4847594
1	rs7519688	0	4853910
1	GSA-rs16839670	0	4858666
1	rs17345280	0	4859537
1	GSA-rs78287039	0	4860555
1	rs4654607	0	4861160
1	GSA-rs760817	0	4863913
1	GSA-rs10799262	0	4872571
1	rs2050010	0	4880917
1	rs2181699	0	4888012
1	GSA-rs10799265	0	4889604
1	GSA-rs61766788	0	4890255
1	rs10915626	0	4906783
1	GSA-rs6426440	0	4914910
1	rs10915645	0	4928187
1	GSA-rs12044914	0	4932655
1	rs10489138	0	4934067
1	GSA-rs141455883	0	4936983
1	GSA-rs77821625	0	4937139
1	rs12061881	0	4946268
1	rs6664880	0	4952788
1	GSA-rs12025356	0	4954746
1	GSA-rs6426446	0	4955862
1	GSA-rs72634113	0	4958491
1	rs11805753	0	4973107
1	rs12035499	0	4980692
1	rs942245	0	4981503
1	rs4595344	0	4986684
1	rs6666453	0	4987424
1	GSA-rs6658988	0	4987953
1	rs12567162	0	4988063
1	rs2898853	0	4992204
1	rs35357722	0	4993039
1	rs10915683	0	4996185
1	rs12037632	0	4996661
1	rs10915295	0	5001488
1	rs9286971	0	5003504
1	GSA-rs72634168	0	5009464
1	rs9426490	0	5011402
1	rs10915298	0	5012301
1	rs74653811	0	5015676
1	rs6656223	0	5015844
1	rs10799145	0	5021200
1	GSA-rs55899550	0	5021544
1	rs12754637	0	5023321
1	rs7523398	0	5024385
1	GSA-rs114377297	0	5026837
1	rs12025571	0	5029531
1	rs7535462	0	5033661
1	rs76290374	0	5034174
1	rs12757902	0	5036234
1	rs12122541	0	5036622
1	GSA-rs898335	0	5036777
1	GSA-rs75705882	0	5036940
1	rs6666618	0	5038093
1	rs6426376	0	5041894
1	GSA-rs12132419	0	5042941
1	rs1563791	0	5043734
1	rs7418901	0	5053263
1	rs10158288	0	5061519
1	rs34951087	0	5069170
1	rs12045336	0	5070663
1	rs9286975	0	5073092
1	rs9439575	0	5085955
1	rs9439507	0	5090997
1	rs6693990	0	5094435
1	GSA-rs143765258	0	5094655
1	rs1459762	0	5095862
1	rs10915324	0	5103621
1	rs1563792	0	5124859
1	GSA-rs72635377	0	5130529
1	rs10915335	0	5136477
1	GSA-rs11590026	0	5140226
1	rs3128687	0	5141293
1	rs10915341	0	5142552
1	rs3101214	0	5150534
1	rs2290848	0	5151437
1	rs9803863	0	5158857
1	rs57000660	0	5166480
1	GSA-rs10733013	0	5168663
1	rs7513590	0	5170712
1	rs10799170	0	5179530
1	rs77789556	0	5182124
1	GSA-rs79656278	0	5183841
1	rs6671889	0	5192703
1	rs10492925	0	5195371
1	rs10799173	0	5197977
1	rs12121369	0	5210124
1	rs12750297	0	5219272
1	rs17366543	0	5224616
1	GSA-rs79967614	0	5225760
1	GSA-rs61542310	0	5228983
1	GSA-rs16840071	0	5229311
1	rs4394703	0	5231892
1	GSA-rs6665697	0	5248541
1	rs2722781	0	5257229
1	GSA-rs80305867	0	5257327
1	rs7528871	0	5259095
1	rs12043987	0	5264697
1	rs6603821	0	5267850
1	GSA-rs145494905	0	5272403
1	rs16840190	0	5282726
1	GSA-rs938962	0	5283942
1	GSA-rs116478542	0	5284350
1	GSA-rs56295354	0	5294237
1	rs677735	0	5295176
1	GSA-rs586165	0	5297887
1	rs521430	0	5307076
1	GSA-rs75422994	0	5307136
1	GSA-rs7534404	0	5309255
1	GSA-rs78612437	0	5310840
1	GSA-rs4475768	0	5312165
1	rs6703948	0	5313445
1	rs12091281	0	5314737
1	GSA-rs72852179	0	5315344
1	GSA-rs7419115	0	5315712
1	GSA-rs72638072	0	5317014
1	GSA-rs12089315	0	5318552
1	GSA-rs630153	0	5321139
1	rs499416	0	5324231
1	GSA-rs75685860	0	5329177
1	rs579467	0	5329865
1	rs584938	0	5334079
1	rs4847576	0	5335599
1	rs549155	0	5338287
1	rs12141954	0	5342295
1	rs557477	0	5346474
1	rs563939	0	5347155
1	GSA-rs116293001	0	5347371
1	rs4417082	0	5348270
1	rs10915405	0	5348272
